3.7318, 19130000, 26666
1.2309e-05, 31330000, 20991
2.01487, 67020000, 70746
1.0124e-05, 85480000, 27592
3.60481, 109160000, 41724
2.01469, 146200000, 66918
3.60349, 170550000, 44913
3.60401, 194790000, 42976
3.6034, 216050000, 40399
3.60393, 243640000, 51845
3.60355, 266170000, 41291
3.60478, 290270000, 43632
2.01473, 322360000, 59330
3.73128, 334920000, 17137
1.0038e-05, 343180000, 16259
2.0149, 370920000, 51481
1.28248e-05, 378180000, 12335
1.29181e-05, 384560000, 11097
1.27738e-05, 397740000, 23707
3.60349, 424070000, 47857
2.22993e-05, 431080000, 12619
3.7317, 444210000, 18609
9.50768e-06, 454810000, 18458
2.01568, 479940000, 47242
1.52326e-05, 495960000, 23961
2.01496, 523730000, 51016
3.73207, 541380000, 24937
2.01479, 568980000, 53585
3.73126, 583650000, 20336
3.60438, 608760000, 46741
3.7313, 624230000, 20864
1.40474e-05, 630720000, 11689
3.60344, 648470000, 33912
1.10513e-05, 657260000, 15958
1.13409e-05, 670870000, 21517
3.60362, 694080000, 42424
3.60334, 723110000, 49590
3.60373, 751040000, 50605
3.6035, 774530000, 40573
3.73126, 791180000, 23109
1.62797e-05, 801110000, 16525
3.73212, 812280000, 15275
1.11116e-05, 820960000, 14688
1.64889e-05, 827800000, 11915
2.0153, 858740000, 57184
1.55538e-05, 874580000, 27490
3.60433, 900370000, 45456
3.73121, 918970000, 25869
1.10061e-05, 941140000, 41979
1.43132e-05, 951880000, 19264
3.73153, 967250000, 23001
3.73139, 980740000, 18954
2.01042e-05, 988770000, 13694
1.25973e-05, 1005480000, 25239
1.28941e-05, 1013840000, 14862
3.73191, 1032020000, 25070
1.04892e-05, 1043620000, 20949
3.60338, 1069080000, 45072
3.60378, 1096300000, 50705
1.32621e-05, 1109110000, 22601
3.60429, 1137850000, 53707
3.60411, 1161440000, 45166
2.01477, 1191660000, 55983
1.55173e-05, 1202480000, 17752
1.11067e-05, 1224690000, 39195
3.6034, 1247560000, 42090
3.60347, 1269110000, 40135
3.60477, 1296600000, 51130
1.02348e-05, 1308530000, 19652
3.73117, 1309610000, 2084
1.08613e-05, 1316950000, 12785
