3.7318, 19130000, 26666
1.2309e-05, 31330000, 20991
2.01487, 67020000, 70746
1.0124e-05, 85480000, 27592
3.60481, 109160000, 41724
2.01469, 146200000, 66918
3.60349, 170550000, 44913
3.60401, 194790000, 42976
3.6034, 216050000, 40399
3.60393, 243640000, 51845
3.60355, 266170000, 41291
3.60478, 290270000, 43632
2.01473, 322360000, 59330
3.73128, 334920000, 17137
1.0038e-05, 343180000, 16259
2.0149, 370920000, 51481
1.28248e-05, 378180000, 12335
1.29181e-05, 384560000, 11097
1.27738e-05, 397740000, 23707
3.60349, 424070000, 47857
2.22993e-05, 431080000, 12619
3.7317, 444210000, 18609
9.50768e-06, 454810000, 18458
2.01568, 479940000, 47242
1.52326e-05, 495960000, 23961
2.01496, 523730000, 51016
3.73207, 541380000, 24937
2.01479, 568980000, 53585
3.73126, 583650000, 20336
3.60438, 608760000, 46741
3.7313, 624230000, 20864
1.40474e-05, 630720000, 11689
3.60344, 648470000, 33912
1.10513e-05, 657260000, 15958
1.13409e-05, 670870000, 21517
3.60362, 694080000, 42424
3.60334, 723110000, 49590
3.60373, 751040000, 50605
3.6035, 774530000, 40573
3.73126, 791180000, 23109
1.62797e-05, 801110000, 16525
3.73212, 812280000, 15275
1.11116e-05, 820960000, 14688
1.64889e-05, 827800000, 11915
2.0153, 858740000, 57184
1.55538e-05, 874580000, 27490
3.60433, 900370000, 45456
3.73121, 918970000, 25869
1.10061e-05, 941140000, 41979
1.43132e-05, 951880000, 19264
3.73153, 967250000, 23001
3.73139, 980740000, 18954
2.01042e-05, 988770000, 13694
1.25973e-05, 1005480000, 25239
1.28941e-05, 1013840000, 14862
3.73191, 1032020000, 25070
1.04892e-05, 1043620000, 20949
3.60338, 1069080000, 45072
3.60378, 1096300000, 50705
1.32621e-05, 1109110000, 22601
3.60429, 1137850000, 53707
3.60411, 1161440000, 45166
2.01477, 1191660000, 55983
1.55173e-05, 1202480000, 17752
1.11067e-05, 1224690000, 39195
3.6034, 1247560000, 42090
3.60347, 1269110000, 40135
3.60477, 1296600000, 51130
1.02348e-05, 1308530000, 19652
3.73117, 1309610000, 2084
1.08613e-05, 1316950000, 12785
3.60593, 19440000, 23095
1.09124e-05, 31420000, 13366
3.60328, 55440000, 29083
1.15537e-05, 62350000, 8687
9.55655e-06, 71280000, 10567
1.59037e-05, 75840000, 5991
1.53368e-05, 83500000, 8703
3.6035, 104230000, 32392
3.73125, 120300000, 14020
2.0153, 153770000, 34944
1.26601e-05, 161990000, 8849
1.25173e-05, 173880000, 11497
1.50652e-05, 182080000, 8870
1.28431e-05, 189700000, 8648
3.60347, 216280000, 29092
3.60379, 242290000, 31144
1.57404e-05, 250790000, 10941
2.01493, 278850000, 35269
1.25142e-05, 297740000, 23351
9.8341e-06, 306700000, 9651
1.56911e-05, 323680000, 17161
3.73164, 341460000, 14947
3.73119, 342540000, 1679
3.60368, 370370000, 32369
1.22702e-05, 376080000, 6978
3.60491, 397880000, 25911
1.53683e-05, 402830000, 6368
3.73123, 419630000, 14362
1.26099e-05, 427340000, 9177
2.01514, 457930000, 37218
3.61071, 478780000, 24190
1.17056e-05, 484080000, 6787
3.60359, 509290000, 29416
1.30223e-05, 527730000, 18107
2.01525, 591550000, 77659
1.48737e-05, 615690000, 26815
1.32172e-05, 625830000, 10991
2.01477, 655470000, 36692
1.27218e-05, 666810000, 14397
1.06565e-05, 674600000, 8712
1.22522e-05, 685290000, 11608
1.23965e-05, 697940000, 14150
2.01492, 723300000, 31345
2.01469, 758700000, 43029
1.32353e-05, 768300000, 10357
1.1565e-05, 793600000, 31738
1.22953e-05, 805930000, 12935
1.43473e-05, 813530000, 9246
1.35591e-05, 821310000, 8577
3.60359, 844850000, 28021
3.73139, 864590000, 17623
2.01506, 890070000, 31694
2.01494, 926590000, 43504
0.000488134, 957040000, 38401
3.60368, 985040000, 31342
3.6033, 1009010000, 28727
2.01494, 1038730000, 35931
2.01481, 1075670000, 43946
1.15876e-05, 1085900000, 11015
1.23339e-05, 1099130000, 13815
3.73136, 1117130000, 15680
2.0153, 1147110000, 37696
1.4519e-05, 1155770000, 9391
9.9696e-06, 1162390000, 7765
1.31705e-05, 1171570000, 10006
1.1252e-05, 1180910000, 10207
1.52131e-05, 1189140000, 8825
1.06254e-05, 1201890000, 13105
1.88128e-05, 1210860000, 9610
3.60373, 1235450000, 29987
3.73136, 1248740000, 11334
3.60382, 1270140000, 25099
3.73125, 1286940000, 14387
9.98253e-06, 1308700000, 24894
1.0543e-05, 1319170000, 11582
1.53138e-05, 1331070000, 13557
3.73129, 1345630000, 12704
3.73139, 1360140000, 12743
3.73135, 1374970000, 13111
3.60396, 1406030000, 36003
1.06466e-05, 1417130000, 11182
1.52016e-05, 1425950000, 9637
3.60353, 1454120000, 32743
2.01584, 1474060000, 25861
3.60417, 1502000000, 31158
1.01478e-05, 1518770000, 16394
1.54669e-05, 1530850000, 12243
1.24545e-05, 1539860000, 10605
3.60344, 1567440000, 31564
4.27794e-05, 1568600000, 1554
2.01479, 1605640000, 43356
3.73107, 1606720000, 1315
2.01477, 1640890000, 40484
1.3449e-05, 1664430000, 27262
2.01518, 1696940000, 39529
1.49437e-05, 1705550000, 9553
9.99853e-06, 1718110000, 15667
2.01502, 1757630000, 45427
3.7314, 1773490000, 13941
1.08607e-05, 1783120000, 10490
3.73145, 1798170000, 13273
3.60345, 1821140000, 28371
1.27526e-05, 1833040000, 13420
3.73127, 1846290000, 11837
3.60371, 1875540000, 34066
3.73136, 1889900000, 13032
3.73119, 1890980000, 1357
3.60474, 1914760000, 28964
1.29255e-05, 1923630000, 10418
1.85632e-05, 1937590000, 14048
1.21251e-05, 1949930000, 14239
1.27577e-05, 1965700000, 18997
2.01474, 2003030000, 48766
2.01589, 2033430000, 36025
3.61137, 2054610000, 24018
1.15574e-05, 2067300000, 12914
3.73142, 2080940000, 12309
1.08291e-05, 2092530000, 12400
1.20565e-05, 2103600000, 12806
3.73201, 2117760000, 12357
1.06188e-05, 2129820000, 12514
3.73129, 2143550000, 12191
1.11011e-05, -2142347296, 9771
3.73125, -2127897296, 12361
3.73139, -2113687296, 12643
3.60332, -2093177296, 24665
3.73147, -2077007296, 13836
2.7814, -2046757296, 54335
1.02015e-05, -2040267296, 12256
3.60338, -2018247296, 30827
1.02625e-05, -1996787296, 20903
1.18158e-05, -1970717296, 32301
3.73146, -1953317296, 15458
1.1476e-05, -1940427296, 13939
2.01477, -1908727296, 37656
1.14999e-05, -1901407296, 8578
3.60358, -1869877296, 36442
3.73127, -1855367296, 12981
1.38838e-05, -1843417296, 12134
1.5067e-05, -1836667296, 8132
1.42557e-05, -1826317296, 11287
1.30594e-05, -1806467296, 23519
3.73139, -1790467296, 21950
1.15663e-05, -1774217296, 29362
3.60331, -1752587296, 40991
3.60335, -1728157296, 42743
1.93762e-05, -1719127296, 9907
3.73124, -1704237296, 13281
2.01467, -1666187296, 44604
2.01483, -1629807296, 43495
1.05198e-05, -1617617296, 14318
1.55701e-05, -1601477296, 18341
1.40629e-05, -1593557296, 8817
3.73099, -1592487296, 1326
3.60494, -1565647296, 31484
1.17726e-05, -1558157296, 8707
3.60385, -1529197296, 32590
1.25591e-05, -1512687296, 15554
2.01468, -1470477296, 45362
1.38249e-05, -1460607296, 9941
3.73123, -1441577296, 15304
3.73151, -1427287296, 11161
1.12168e-05, -1419497296, 8474
1.20273e-05, -1404437296, 14145
1.69801e-05, -1392927296, 11954
1.32437e-05, -1383007296, 10011
1.19383e-05, -1374307296, 9465
3.73147, -1359677296, 11985
3.60568, -1339437296, 22135
1.99904e-05, -1326177296, 13637
3.73192, -1307607296, 15281
3.73119, -1306527296, 1638
2.01533, -1282657296, 28800
3.73134, -1269417296, 10857
3.73165, -1251517296, 14435
3.60371, -1221387296, 30771
1.41057e-05, -1211897296, 9116
2.01492, -1193677296, 22182
3.73126, -1179507296, 11252
3.73144, -1165887296, 10665
1.20929e-05, -1158447296, 8130
1.29706e-05, -1142097296, 16188
1.06596e-05, -1134467296, 7964
3.73124, -1117487296, 13161
1.2508e-05, -1110457296, 7186
2.01487, -1068417296, 43505
1.02702e-05, -1054867296, 12826
1.18054e-05, -1040727296, 13012
1.32311e-05, -1033577296, 8505
1.21574e-05, -1019507296, 12820
1.29981e-05, -1008677296, 10201
3.6056, -985427296, 25154
1.36544e-05, -970327296, 13598
1.02612e-05, -965167296, 6239
2.0154, -938197296, 29997
1.13803e-05, -925257296, 12467
1.26211e-05, -917827296, 7669
1.23903e-05, -907817296, 9543
3.60374, -881827296, 28291
1.09343e-05, -868987296, 12304
2.01475, -843767296, 28512
3.60773, -812907296, 32772
2.01489, -782467296, 33508
2.01471, -747147296, 37293
1.38609e-05, -737317296, 9430
1.48916e-05, -725987296, 10899
1.10322e-05, -717507296, 8674
3.7316, -698547296, 14625
1.25361e-05, -682937296, 14102
1.14204e-05, -669937296, 11889
1.60582e-05, -663827296, 6763
1.10811e-05, -654977296, 8902
1.13084e-05, -646097296, 9400
1.58262e-05, -633247296, 11550
2.01482, -605637296, 32102
2.01505, -570667296, 36297
3.73121, -553217296, 13569
3.60419, -532157296, 23484
3.60337, -511417296, 23920
1.10426e-05, -501857296, 9281
2.01499, -475267296, 30462
3.73126, -456527296, 14483
1.216e-05, -446117296, 9828
3.60425, -417547296, 30850
3.60335, -391327296, 27592
1.3567e-05, -367647296, 24497
1.26037e-05, -353997296, 15705
2.01483, -321867296, 36146
1.54384e-05, -309967296, 12121
1.06378e-05, -303247296, 7492
1.20619e-05, -295627296, 7873
1.33487e-05, -281717296, 13836
9.96482e-06, -276367296, 6527
2.01473, -240177296, 40029
3.73119, -239097296, 1265
3.73193, -224857296, 11121
1.45054e-05, -217987296, 7184
1.21124e-05, -206297296, 10819
3.60349, -176797296, 31645
3.7312, -166417296, 8590
3.60413, -145957296, 23214
2.01493, -117567296, 32293
1.0239e-05, -109197296, 8566
3.60338, -80837296, 30703
3.73139, -65957296, 11620
1.51809e-05, -57327296, 8515
1.18217e-05, -49327296, 8050
3.6052, -30057296, 21656
3.60331, -3587296, 27549
1.34805e-05, 21112704, 28999
1.05849e-05, 38612704, 16997
3.73132, 50592704, 9077
3.60353, 73742704, 25074
1.12077e-05, 83532704, 9276
1.30958e-05, 92582704, 9002
3.73138, 109952704, 13280
3.60335, 129252704, 21629
2.01474, 165242704, 37903
1.07515e-05, 178932704, 12817
3.73124, 192352704, 10275
1.02256e-05, 215892704, 24098
1.40637e-05, 229412704, 12403
2.01524, 267592704, 39801
3.73142, 282542704, 11475
1.52424e-05, 292312704, 9217
2.01621, 316122704, 26561
1.22205e-05, 321942704, 6517
3.60366, 344992704, 24843
1.21587e-05, 352632704, 7643
3.73165, 366432704, 10610
2.01478, 393682704, 37058
1.55391e-05, 401952704, 11357
1.19504e-05, 415942704, 12981
1.01982e-05, 423662704, 9012
3.73119, 424752704, 1478
1.21783e-05, 446572704, 18569
3.60375, 473602704, 30085
1.44425e-05, 480572704, 7357
3.73114, 481632704, 1254
2.01491, 511772704, 44695
3.73155, 529472704, 18264
1.25013e-05, 542122704, 11752
3.60382, 571262704, 29315
1.52373e-05, 584802704, 12303
3.73161, 599422704, 15772
1.71774e-05, 608172704, 12400
3.60388, 631352704, 28454
1.25337e-05, 639302704, 8978
1.30629e-05, 656342704, 19451
1.54001e-05, 670202704, 14037
3.73138, 686052704, 12568
3.60463, 708412704, 23972
3.60362, 732672704, 26365
2.15526e-05, 743262704, 10619
1.19395e-05, 757802704, 12864
2.01513, 781772704, 27046
1.59064e-05, 789802704, 8226
3.73121, 803372704, 10279
3.60384, 827572704, 26196
3.73143, 844342704, 12925
3.73119, 845422704, 1455
3.73125, 859162704, 10578
1.48139e-05, 874612704, 13616
3.61112, 890442704, 17650
1.36735e-05, 903922704, 15764
2.01471, 942082704, 40375
1.10509e-05, 961752704, 21295
3.73132, 975192704, 10871
2.01488, 1003662704, 29004
1.09692e-05, 1020022704, 16222
1.463e-05, 1047412704, 29621
1.40889e-05, 1063892704, 18039
1.07103e-05, 1074812704, 10154
3.73143, 1088472704, 10506
3.7313, 1102582704, 10876
1.68551e-05, 1112192704, 9444
3.60414, 1136062704, 25128
1.12461e-05, 1141502704, 6602
3.60368, 1171692704, 31194
1.45093e-05, 1182462704, 10388
1.36723e-05, 1190472704, 8306
1.17647e-05, 1203012704, 12355
2.01544, 1285222704, 94197
3.60382, 1314272704, 38083
1.08487e-05, 1323252704, 14266
2.01487, 1345872704, 21291
3.60405, 1373232704, 27689
2.01476, 1397062704, 28581
1.31098e-05, 1404072704, 7393
1.28313e-05, 1413502704, 9086
1.2495e-05, 1445342704, 34303
3.73193, 1459822704, 11135
3.73198, 1473282704, 10352
1.3691e-05, 1481402704, 8133
2.01506, 1511112704, 32481
1.13152e-05, 1521432704, 9746
1.28568e-05, 1530432704, 9487
1.4051e-05, 1540492704, 11704
1.13691e-05, 1548422704, 8198
3.73193, 1563592704, 11964
1.03684e-05, 1577102704, 14285
1.40303e-05, 1587402704, 9915
1.30252e-05, 1603212704, 14959
1.63273e-05, 1617252704, 12618
3.60392, 1647512704, 31446
3.60453, 1672562704, 27096
3.60373, 1699712704, 36266
1.47716e-05, 1707962704, 12327
1.31083e-05, 1717452704, 13747
3.60372, 1741502704, 32508
1.34342e-05, 1749812704, 12148
2.01472, 1783152704, 48567
1.34616e-05, 1800462704, 16720
2.01493, 1830402704, 45937
3.73247, 1840132704, 9835
1.35752e-05, 1850032704, 9856
1.41051e-05, 1857702704, 8199
1.34869e-05, 1874232704, 20305
2.015, 1902462704, 44288
3.60342, 1923352704, 32083
1.0436e-05, 1938552704, 20704
1.13871e-05, 1955322704, 26276
1.08868e-05, 1969142704, 14667
1.90034e-05, 1977992704, 10845
3.60419, 2005282704, 41469
1.29912e-05, 2017632704, 16643
3.60495, 2043592704, 34064
1.53741e-05, 2054942704, 10716
1.24249e-05, 2066582704, 13922
1.2617e-05, 2072562704, 9488
1.18546e-05, 2085402704, 17588
2.01542, 2111462704, 38343
9.76887e-06, 2128982704, 19397
1.16027e-05, 2138232704, 8932
1.54699e-05, -2142994592, 13833
3.73119, -2129194592, 17096
1.11672e-05, -2119474592, 14660
1.15307e-05, -2102364592, 22975
1.52359e-05, -2093574592, 14085
1.73023e-05, -2079724592, 19635
1.34402e-05, -2072294592, 11488
3.60337, -2045604592, 36387
2.01478, -2015014592, 33500
2.01511, -1990774592, 27104
1.05928e-05, -1982064592, 9110
1.20879e-05, -1971654592, 10452
1.24979e-05, -1960584592, 10631
1.88771e-05, -1952044592, 8462
3.61037, -1927624592, 24179
1.34509e-05, -1922574592, 6060
3.60466, -1898514592, 25476
1.70118e-05, -1880154592, 20630
2.01541, -1841924592, 40925
3.73123, -1828084592, 10591
1.30623e-05, -1817234592, 10015
2.72137, -1731254592, 97261
3.60374, -1707964592, 25595
2.01487, -1680034592, 30701
3.60353, -1655014592, 26899
2.0153, -1623564592, 35693
1.327e-05, -1614754592, 8831
1.26257e-05, -1600964592, 12381
2.01486, -1580404592, 18974
3.73119, -1579314592, 1238
1.47211e-05, -1566584592, 11542
1.15031e-05, -1542724592, 26570
1.30928e-05, -1532834592, 9261
1.13922e-05, -1519024592, 13163
3.73123, -1505374592, 10446
2.79245, -1481314592, 30359
1.24831e-05, -1468324592, 18367
1.2957e-05, -1449814592, 25785
1.09009e-05, -1434984592, 20045
2.01495, -1411204592, 28654
1.01672e-05, -1398614592, 13177
3.73154, -1380754592, 13515
1.28542e-05, -1371534592, 10639
2.01526, -1334024592, 38800
1.34623e-05, -1325334592, 8481
3.60358, -1295864592, 29994
3.60354, -1269024592, 28180
3.60633, -1267934592, 1257
2.01529, -1245254592, 21949
3.60352, -1224834592, 23118
1.35473e-05, -1217584592, 7530
3.73134, -1202664592, 11499
1.82684e-05, -1190934592, 12582
1.12912e-05, -1183014592, 7964
1.16901e-05, -1174684592, 8680
3.73119, -1173604592, 1595
3.60391, -1146664592, 28513
1.27857e-05, -1137104592, 10154
2.01643, -1108454592, 32086
2.01498, -1080954592, 30617
1.01139e-05, -1071044592, 9572
