2.01477, 37920000, 60073
1.02886e-05, 45320000, 11766
2.09216e-05, 55224000, 15109
1.31478e-05, 65112000, 14936
3.7313, 80696000, 20834
2.01518, 118104000, 62253
2.01489, 182400000, 110579
1.58019e-05, 191720000, 17125
2.01646, 242232000, 87373
2.01527, 266496000, 42473
2.0149, 298752000, 54637
3.602, 326904000, 49345
1.22139e-05, 338280000, 17062
1.32732e-05, 345712000, 11762
3.60342, 373200000, 44880
1.42572e-05, 380544000, 12205
1.0914e-05, 390256000, 16682
3.60403, 417328000, 44934
3.73134, 431880000, 19080
1.207e-05, 446016000, 20702
3.73119, 446896000, 1525
2.01483, 481936000, 58684
3.73168, 493944000, 15777
3.73136, 506720000, 16695
2.43655e-05, 525824000, 30555
1.24933e-05, 533184000, 12064
3.60361, 561016000, 45940
1.2512e-05, 571864000, 16141
1.2779e-05, 584296000, 21093
2.07119e-05, 597808000, 21898
3.60346, 621672000, 39072
1.52963e-05, 630424000, 14692
2.01547, 660040000, 54485
3.73133, 672720000, 16608
3.60478, 693840000, 36210
1.34043e-05, 701456000, 12279
3.60359, 722232000, 35703
2.01484, 751872000, 49326
3.73142, 768160000, 21329
3.73119, 769040000, 1512
3.60346, 794896000, 41612
1.6201e-05, 802464000, 12110
2.7554e-05, 810304000, 13066
1.23071e-05, 821136000, 16314
1.96513e-05, 831568000, 15678
1.45099e-05, 837800000, 10379
2.01511, 864672000, 39682
1.35703e-05, 881728000, 28918
3.73129, 898464000, 21891
1.34304e-05, 906216000, 12350
1.50683e-05, 915688000, 15527
1.56642e-05, 931696000, 25154
3.60338, 956856000, 41227
1.39352e-05, 966720000, 15259
2.01484, 1000472000, 55277
3.6035, 1020688000, 34958
2.06957e-05, 1027520000, 10992
3.60364, 1056392000, 46291
3.73158, 1070112000, 17938
3.73128, 1082496000, 16206
3.73119, 1083376000, 1864
1.14406e-05, 1091112000, 12164
3.73134, 1104760000, 17864
1.47164e-05, 1113664000, 13845
3.60482, 1140032000, 44028
3.60357, 1163320000, 39454
2.01486, 1203688000, 65256
1.52707e-05, 1212040000, 13114
1.75489e-05, 1220016000, 12693
1.21182e-05, 1231488000, 18311
3.73229, 1244112000, 16569
1.57625e-05, 1253960000, 14823
3.6034, 1278664000, 41694
1.28694e-05, 1284824000, 10137
3.60333, 1305312000, 34624
3.73125, 1321744000, 21487
1.34279e-05, 1328664000, 11227
3.73126, 1341464000, 16730
3.60399, 1370024000, 48256
3.60337, 1395616000, 43946
2.14768e-05, 1408904000, 22382
2.01473, 1435240000, 42645
2.49129e-05, 1443480000, 12943
1.24142e-05, 1456592000, 20678
1.36708e-05, 1465984000, 14436
2.0157, 1497208000, 48337
1.17963e-05, 1510952000, 19822
2.01481, 1546752000, 62627
2.01494, 1571272000, 43553
3.73154, 1585736000, 19241
3.60516, 1608072000, 37561
3.61104, 1624144000, 27388
1.08362e-05, 1632144000, 12930
3.6039, 1655184000, 37981
1.07815e-05, 1667704000, 21215
3.73136, 1680928000, 17792
2.01483, 1712856000, 56094
1.50091e-05, 1724672000, 17434
3.73124, 1738296000, 17897
3.73126, 1747856000, 12604
1.27065e-05, 1756880000, 14307
1.77301e-05, 1765024000, 12966
2.0153, 1790368000, 43573
3.73144, 1802960000, 16501
1.96458e-05, 1810472000, 12117
1.78073e-05, 1819520000, 14014
1.17646e-05, 1830872000, 16622
1.43823e-05, 1852064000, 35551
3.60393, 1879136000, 44336
1.01028e-05, 1890000000, 18508
3.60388, 1916192000, 43503
2.01554, 1945224000, 49522
1.0873e-05, 1952032000, 10903
3.60348, 1975688000, 38352
1.65986e-05, 1983816000, 12881
3.73136, 1999848000, 20952
1.57042e-05, 2018400000, 30637
3.73121, 2033192000, 19389
3.60341, 2062144000, 46476
1.27394e-05, 2070528000, 13161
1.0653e-05, 2077928000, 11584
1.36788e-05, 2090120000, 17997
1.14483e-05, 2105664000, 24518
3.73148, 2118632000, 16963
3.73122, 2131216000, 16468
1.36016e-05, 2141216000, 15152
3.60412, -2132159296, 36682
3.60332, -2111407296, 35197
1.95798e-05, -2096783296, 21921
3.73134, -2080471296, 21334
1.59877e-05, -2067199296, 19147
3.73119, -2066303296, 1566
1.22166e-05, -2035591296, 51625
3.73118, -2034719296, 1514
1.16758e-05, -2026207296, 13907
3.73124, -2013247296, 16981
3.60344, -1989063296, 41478
3.60337, -1961655296, 43886
1.30676e-05, -1940463296, 35908
3.73153, -1925751296, 19216
1.38996e-05, -1912087296, 22611
3.7312, -1896095296, 20935
3.6035, -1874479296, 37187
2.01495, -1846823296, 46900
1.05517e-05, -1833551296, 19289
1.21335e-05, -1811679296, 36921
1.67383e-05, -1805823296, 9701
3.60347, -1783911296, 36487
1.40981e-05, -1774367296, 14739
2.01467, -1739439296, 57725
2.08125e-05, -1727615296, 17185
2.01506, -1690727296, 61510
1.33381e-05, -1676415296, 20222
1.68852e-05, -1664215296, 17587
3.60333, -1642727296, 36773
3.73132, -1630111296, 16448
1.98822, -1512567296, 209530
3.73126, -1494663296, 23467
3.60475, -1471895296, 37247
1.77051e-05, -1464079296, 12948
2.14974e-05, -1457455296, 11883
3.60365, -1430775296, 42524
3.73205, -1414015296, 21890
1.31558e-05, -1408055296, 9923
1.71446e-05, -1396183296, 17435
3.73145, -1383047296, 17213
1.39703e-05, -1369655296, 20943
3.60375, -1348127296, 36049
2.01495, -1318063296, 50105
3.60338, -1294551296, 39217
3.60379, -1273479296, 36155
2.01433, -1227071296, 75117
2.01496, -1200871296, 45057
1.28925e-05, -1191167296, 15672
1.68892e-05, -1179511296, 19029
3.73254, -1164671296, 19438
2.01504, -1130399296, 56324
2.91895e-05, -1119167296, 16848
3.60373, -1089015296, 48575
1.07779e-05, -1082895296, 10152
1.30817e-05, -1075415296, 12158
3.53698e-05, -1066407296, 13609
1.98609e-05, -1055007296, 16845
2.01499, -1023319296, 55596
3.73206, -1009519296, 18045
3.73167, -991367296, 23754
3.60357, -967015296, 40841
3.73133, -952615296, 18819
1.44421e-05, -945103296, 12185
2.01482, -908687296, 60605
3.60415, -885095296, 39144
1.03336e-05, -873095296, 20394
3.60402, -840815296, 53323
1.62115e-05, -834607296, 10293
3.60336, -816407296, 31485
3.60377, -792431296, 41385
3.73188, -774095296, 24044
1.39036e-05, -765919296, 12826
3.73132, -747447296, 24069
1.58343e-05, -736287296, 16860
1.2886e-05, -728487296, 12709
1.73449e-05, -718415296, 15258
3.7314, -703415296, 19694
3.73153, -687847296, 20379
1.49477e-05, -679783296, 12991
3.6035, -652719296, 43595
3.60344, -634463296, 31750
3.60417, -610943296, 40324
1.42691e-05, -597111296, 19726
1.33347e-05, -586855296, 15313
2.01479, -556399296, 49282
3.60702, -536655296, 33255
3.60943, -516103296, 34983
3.7325, -496327296, 25881
1.83151e-05, -487559296, 13707
3.73227, -469407296, 23556
3.60386, -440135296, 47296
3.60361, -419279296, 36289
1.18449e-05, -404215296, 21742
2.01494, -367503296, 62720
1.15524e-05, -354303296, 22596
1.83431e-05, -338543296, 22138
1.4886e-05, -330463296, 12413
1.33322e-05, -323759296, 10748
1.23686e-05, -317719296, 9987
1.1599e-05, -309903296, 12361
3.6033, -288519296, 35452
2.01462, -260815296, 46997
1.76422e-05, -242127296, 31397
3.60514, -220559296, 35923
3.73119, -219687296, 1543
1.63569e-05, -214383296, 9155
2.79264, -186927296, 46312
1.54234e-05, -179239296, 13868
3.73137, -166159296, 17092
3.73172, -152495296, 17876
2.14325e-05, -145375296, 11572
1.24771e-05, -138831296, 10647
3.73128, -123999296, 19372
3.60428, -98895296, 42133
1.28833e-05, -93447296, 8920
1.40167e-05, -81855296, 18531
1.38617e-05, -76071296, 9480
1.69274e-05, -59319296, 28271
2.01492, -26311296, 55423
2.63877e-05, -15751296, 15757
2.01479, 4152704, 30830
1.19892e-05, 11104704, 11228
1.39637e-05, 18440704, 12429
1.16633e-05, 32032704, 22452
1.20535e-05, 40000704, 12869
1.37322e-05, 56912704, 25211
1.63024e-05, 66120704, 14417
9.43916e-06, 79064704, 18890
2.01533, 106152704, 45428
1.46876e-05, 115896704, 14748
3.73122, 128368704, 16355
3.73126, 143368704, 19657
1.49029e-05, 154240704, 16219
2.01482, 189104704, 58143
2.01485, 215688704, 46231
3.60392, 239800704, 41555
3.61151, 259080704, 31334
2.01476, 283168704, 42386
1.38144e-05, 298624704, 25470
1.57498e-05, 312416704, 23277
3.73158, 327544704, 19736
1.3531e-05, 336912704, 14778
3.60439, 358960704, 36483
1.27993e-05, 372248704, 21768
1.6252e-05, 385624704, 19389
1.43677e-05, 404784704, 31016
1.52254e-05, 417896704, 18707
2.01554, 441368704, 40383
3.5992, 470360704, 48996
1.31717e-05, 483512704, 18684
3.73113, 484368704, 1564
3.73114, 485240704, 1860
1.38312e-05, 496184704, 16603
3.73131, 509032704, 16805
2.01511, 533208704, 41505
2.01806, 560288704, 46795
1.17406e-05, 570064704, 15650
3.73149, 582728704, 16587
1.56021e-05, 595128704, 18358
1.49064e-05, 605480704, 15664
3.60475, 622872704, 30114
1.41042e-05, 635360704, 21181
1.63703e-05, 648536704, 19093
2.79982e-05, 653408704, 8850
1.07156e-05, 675240704, 30222
1.8438e-05, 685096704, 16253
1.20521e-05, 693968704, 13547
2.0157, 717272704, 40203
1.70712e-05, 727072704, 14764
3.60346, 750344704, 39380
3.73144, 765560704, 19833
2.01473, 801360704, 58548
1.51793e-05, 810120704, 14618
3.60545, 832032704, 35685
3.60348, 857416704, 43271
1.07095e-05, 864280704, 11292
3.60376, 885472704, 35035
3.73119, 886336704, 1494
2.0154, 945888704, 100647
1.29862e-05, 966752704, 29398
9.70958e-06, 973816704, 11585
3.60329, 995088704, 35698
1.3562e-05, 1007592704, 18290
1.41197e-05, 1028448704, 28995
1.59042e-05, 1042192704, 19891
1.33977e-05, 1052344704, 15457
1.77508e-05, 1080944704, 45736
1.48546e-05, 1092848704, 19515
2.01484, 1129280704, 60434
1.57187e-05, 1144576704, 23615
1.52754e-05, 1158528704, 19954
1.50313e-05, 1174832704, 23102
1.27723e-05, 1196704704, 38200
3.73119, 1197584704, 1545
3.60476, 1221504704, 38213
1.75469, 1222880704, 2245
1.04352e-05, 1237640704, 25333
1.21995e-05, 1258824704, 36967
2.01468, 1290136704, 52448
1.05473e-05, 1301192704, 16686
2.79267, 1325392704, 42649
1.87848e-05, 1345936704, 33611
1.22003e-05, 1354352704, 13007
3.60369, 1378864704, 41334
1.18595e-05, 1384632704, 10332
1.74451e-05, 1392856704, 12801
3.60347, 1417776704, 41815
2.01511, 1443360704, 44232
3.60384, 1463832704, 34589
3.7318, 1479376704, 20474
3.60366, 1504168704, 40773
3.73107, 1505024704, 1712
2.0148, 1539064704, 55675
3.60375, 1561000704, 38356
1.30981e-05, 1568712704, 12737
2.01506, 1595976704, 46696
1.59405e-05, 1618072704, 37624
3.60359, 1644936704, 43533
1.47122e-05, 1659792704, 21203
3.60431, 1683496704, 38996
3.60381, 1705456704, 37549
1.1204e-05, 1712904704, 11945
1.42417e-05, 1722896704, 14968
1.46018e-05, 1730456704, 12542
3.60346, 1753720704, 38776
2.01509, 1784072704, 52462
3.60391, 1811072704, 45978
1.39136e-05, 1820816704, 16377
1.04113e-05, 1832336704, 17235
1.1205e-05, 1844456704, 17848
3.60333, 1867080704, 37066
2.01463, 1905808704, 64225
1.05306e-05, 1942024704, 57943
3.60357, 1964416704, 38436
3.73186, 1978880704, 18959
1.13836e-05, 1996112704, 27455
1.35369e-05, 2003792704, 11968
2.01504, 2039632704, 59602
2.79256, 2070064704, 51713
1.45566e-05, 2080728704, 15846
2.01505, 2119760704, 63031
3.60343, 2141448704, 36337
1.63566e-05, -2145534592, 12344
1.71004e-05, -2133934592, 19136
3.60359, -2111318592, 39854
1.28898e-05, -2104294592, 11347
1.17244e-05, -2089254592, 21241
3.73116, -2088382592, 1512
1.11187e-05, -2077990592, 16156
3.73126, -2064238592, 17971
3.73154, -2050094592, 18509
1.4314e-05, -2035910592, 21300
3.73117, -2035038592, 1507
3.60433, -2013478592, 35916
3.73135, -1999582592, 18477
1.66113e-05, -1978038592, 36318
1.34378e-05, -1969982592, 12423
1.10784e-05, -1960014592, 15832
1.07437e-05, -1951886592, 13138
2.91993e-05, -1941670592, 15369
2.01564, -1914878592, 44844
3.73149, -1902286592, 16499
1.23259e-05, -1890134592, 17747
1.25468e-05, -1858870592, 52317
1.27347e-05, -1849630592, 20173
1.33577e-05, -1837758592, 27885
1.927e-05, -1825742592, 17697
1.16577e-05, -1818118592, 12131
2.01497, -1790342592, 48489
1.42092e-05, -1776254592, 21323
1.79092e-05, -1765198592, 16235
1.39095e-05, -1753006592, 18072
1.11865e-05, -1745902592, 11568
2.01796e-05, -1733782592, 19376
2.06517e-05, -1724310592, 14112
3.73134, -1705718592, 24117
1.3597e-05, -1695342592, 15464
3.60362, -1665478592, 48204
2.01484, -1635326592, 50764
3.73122, -1617918592, 22541
3.60334, -1594694592, 37951
3.73119, -1593814592, 1833
3.73142, -1581070592, 16684
2.0011e-05, -1566918592, 21674
1.34895e-05, -1560774592, 10115
3.73124, -1548382592, 16246
3.73134, -1536118592, 16091
2.09167e-05, -1518478592, 30047
1.36201e-05, -1512254592, 10393
2.01534, -1486190592, 45428
1.19105e-05, -1474118592, 17791
2.01491, -1428646592, 76446
2.01473, -1394046592, 57514
2.01538, -1365782592, 48920
2.01493, -1330126592, 59412
2.01581, -1307302592, 39613
1.79443e-05, -1297110592, 16249
3.73119, -1296214592, 1900
2.01508, -1265246592, 52085
2.93964e-05, -1255622592, 15990
2.01467, -1217270592, 62970
2.01491, -1188646592, 48262
3.73132, -1172102592, 21711
2.01466, -1128462592, 74274
1.16583e-05, -1097854592, 50620
1.72401e-05, -1081534592, 27236
3.73119, -1080646592, 1548
1.20503e-05, -1073878592, 11049
3.60501, -1054534592, 33343
3.60661, -1032206592, 36100
3.6035, -1012294592, 33622
1.55811e-05, -995782592, 24408
3.604, -969462592, 44445
3.73119, -968582592, 1875
1.28369e-05, -957126592, 17095
3.6055, -937982592, 34138
3.73126, -920630592, 22840
2.01507, -894598592, 44736
2.01557, -864598592, 50799
2.01554, -839966592, 42539
3.60597, -820406592, 33320
2.01507, -796486592, 41952
2.01469, -759566592, 60756
3.6033, -737750592, 36466
1.40111e-05, -724854592, 19089
3.60349, -700286592, 41196
2.01526, -667990592, 54415
3.60638, -647150592, 34409
3.6044, -616598592, 50038
3.60364, -592030592, 41496
1.23704e-05, -585070592, 11259
2.01471, -559134592, 45332
3.73129, -541942592, 22364
1.35594e-05, -533254592, 14513
2.01486, -494374592, 63517
2.01388, -449910592, 72222
1.84317e-05, -438462592, 16804
3.60355, -409366592, 46562
2.01492, -377766592, 52752
3.60329, -353006592, 40781
3.73224, -339966592, 17116
1.00944e-05, -332934592, 11773
2.01483, -315726592, 24339
3.60359, -291694592, 39853
3.73133, -278670592, 17048
3.73205, -265030592, 17905
3.73128, -251270592, 18030
1.4157e-05, -242934592, 12905
1.45452e-05, -230598592, 17873
3.7312, -212790592, 23126
1.68368e-05, -204422592, 14369
1.38455e-05, -190790592, 20706
3.24145e-05, -183654592, 11266
1.11975e-05, -174854592, 13803
1.25841e-05, -165126592, 14602
3.7317, -146702592, 24109
1.32794e-05, -133166592, 19735
3.73224, -117806592, 20067
3.7318, -102926592, 19425
3.60729, -82150592, 34612
2.01505, -54686592, 48671
3.60341, -32526592, 36479
3.73128, -16726592, 20725
3.55979e-05, -11606592, 9139
2.01497, 28129408, 65024
2.01466, 84177408, 97315
3.60381, 104649408, 34953
3.60411, 130113408, 42575
1.52642e-05, 136353408, 10874
3.73119, 137233408, 1881
2.09493e-05, 144841408, 12389
1.57488e-05, 160881408, 24658
3.73138, 173417408, 16453
2.01478, 192585408, 28515
2.74265e-05, 200025408, 11960
1.53809e-05, 208617408, 13494
1.39208e-05, 220721408, 21227
1.29059e-05, 230697408, 15034
2.79067, 266673408, 59213
2.01481, 302801408, 61237
1.47311e-05, 314273408, 17214
1.41253e-05, 322457408, 13220
1.44515e-05, 334033408, 18160
2.01484, 360313408, 45498
3.73203, 372425408, 15889
1.07537e-05, 387617408, 21325
3.603, 407225408, 34065
3.73135, 421937408, 19354
3.60338, 447441408, 43300
1.7462e-05, 468249408, 34916
9.52838e-06, 487625408, 26955
3.73138, 502401408, 19279
3.60336, 522881408, 35121
2.79195, 552553408, 49559
3.60343, 575337408, 39216
3.73119, 591929408, 21908
3.73135, 605137408, 17242
3.73117, 606009408, 1503
1.30453e-05, 621049408, 23303
2.01526, 646841408, 44268
1.40025e-05, 657121408, 15766
3.60855, 675073408, 29871
1.40286e-05, 684913408, 14946
3.73128, 697009408, 15840
1.07702e-05, 702321408, 9734
3.73257, 714713408, 16194
1.0832e-05, 720505408, 9925
1.3545e-05, 728241408, 12133
2.01497, 757281408, 49224
1.68359e-05, 764169408, 12152
1.46419e-05, 771889408, 12354
3.73151, 785273408, 17825
3.73121, 798497408, 17744
3.73167, 817721408, 25626
1.01776e-05, 826113408, 13166
1.34306e-05, 837585408, 17724
3.73125, 851697408, 18734
2.01516, 879353408, 41620
2.0153, 902041408, 40488
1.12383e-05, 914113408, 17693
3.73132, 929817408, 20612
3.60511, 950953408, 37768
2.01561, 968153408, 24081
1.40256e-05, 981617408, 22921
1.31528e-05, 994937408, 20159
1.14695e-05, 1020905408, 44201
1.17581e-05, 1028353408, 12168
3.60346, 1055849408, 44625
3.73154, 1071681408, 20905
1.15241e-05, 1085017408, 20493
2.01077e-05, 1101345408, 28101
2.01473, 1133233408, 53599
1.42846e-05, 1146553408, 19624
3.6035, 1166777408, 35256
2.01604, 1184841408, 26883
3.60463, 1207481408, 36881
3.73133, 1220921408, 17526
1.24951e-05, 1238521408, 30447
3.7312, 1248329408, 12704
3.73119, 1249193408, 1725
2.01479, 1288537408, 64108
3.73121, 1302633408, 18572
3.60359, 1322337408, 34372
1.1973e-05, 1331681408, 14438
1.1085e-05, 1338953408, 11715
3.60477, 1373097408, 55188
3.73146, 1385081408, 15834
2.01522, 1413889408, 48750
1.44357e-05, 1422881408, 14180
3.60357, 1448601408, 41728
3.73134, 1466713408, 23764
1.64042e-05, 1478833408, 17933
1.3553e-05, 1487321408, 13227
1.34837e-05, 1495873408, 14640
1.13706e-05, 1500841408, 9075
3.60334, 1525097408, 40352
3.73198, 1537185408, 15918
1.3111e-05, 1548753408, 17948
1.49975e-05, 1560801408, 17710
1.38634e-05, 1574697408, 20728
2.16213e-05, 1584617408, 14924
3.73125, 1602001408, 22627
3.73119, 1602865408, 1134
1.61714e-05, 1609249408, 10636
1.28691e-05, 1618369408, 13859
1.59083e-05, 1637153408, 28628
3.60357, 1660049408, 39142
3.60357, 1680073408, 33882
2.01481, 1706745408, 44970
1.17551e-05, 1718809408, 17855
1.04942e-05, 1730361408, 17139
3.73218, 1745441408, 19727
3.60361, 1764841408, 32645
1.34532e-05, 1778689408, 21115
2.21563e-05, 1798001408, 30491
3.60343, 1819441408, 36295
2.01484, 1849033408, 51545
3.73119, 1849905408, 1533
3.60382, 1872617408, 38566
2.01489, 1897889408, 44110
1.4763e-05, 1903361408, 9234
3.60337, 1925705408, 36424
3.73129, 1941993408, 21281
3.73143, 1959777408, 23190
3.60399, 1989161408, 48621
1.31367e-05, 1994873408, 9891
3.61028, 2011041408, 27653
3.60359, 2035729408, 39864
3.60337, 2057593408, 36676
1.36106e-05, 2067601408, 15051
1.86426e-05, 2077633408, 14990
1.14842e-05, 2087689408, 15022
2.01508, 2118705408, 52320
1.75498, 2133273408, 20174
1.53597e-05, 2144753408, 16810
3.60345, -2128317888, 37540
1.7923e-05, -2112629888, 21966
1.27442e-05, -2107877888, 8581
1.65128e-05, -2083629888, 39607
0.212803, -2081877888, 2791
1.79498e-05, -2070253888, 20164
1.09459e-05, -2052733888, 24593
1.22249e-05, -2044677888, 12963
3.73217, -2033109888, 15098
3.60353, -2009061888, 40208
3.60356, -1990677888, 31438
1.66045e-05, -1978189888, 18138
3.60377, -1954333888, 39099
1.47465e-05, -1944485888, 14841
1.16681e-05, -1930813888, 19862
3.60374, -1902149888, 47325
1.1589e-05, -1890413888, 20893
1.23851e-05, -1880205888, 16388
1.67075e-05, -1871005888, 14319
1.41743e-05, -1863717888, 11586
1.50955e-05, -1848173888, 22178
1.17821e-05, -1828533888, 27453
1.37173e-05, -1817517888, 17212
3.6034, -1790621888, 44797
1.23359e-05, -1775517888, 24438
1.45574e-05, -1768285888, 11504
3.60361, -1742245888, 42784
2.01506, -1714101888, 47355
2.01521, -1683445888, 50700
1.21931e-05, -1668181888, 21639
3.60438, -1646085888, 37795
3.73116, -1645213888, 1739
3.60357, -1619157888, 42997
1.55019e-05, -1609589888, 14800
3.60426, -1580029888, 48715
1.23343e-05, -1573213888, 11469
1.47176e-05, -1539021888, 56507
3.60495, -1519949888, 32349
2.01553, -1489885888, 51031
2.01556, -1414077888, 134870
3.60347, -1390669888, 39840
1.74706e-05, -1381893888, 13655
1.24993e-05, -1359621888, 35554
3.60521, -1336205888, 38735
2.01614, -1304437888, 53548
1.43775e-05, -1297037888, 11711
3.6213, -1296149888, 1537
3.60439, -1265837888, 50267
2.01506, -1239541888, 46029
3.73168, -1223997888, 20443
3.60404, -1202421888, 36181
1.40548e-05, -1195293888, 11678
3.73159, -1182517888, 16728
3.60392, -1160717888, 36945
2.01629, -1131461888, 48793
2.31306e-05, -1122941888, 13078
2.00856e-05, -1113413888, 15952
3.73124, -1100229888, 17372
1.01111e-05, -1083885888, 26081
1.10777e-05, -1074621888, 14218
1.46471e-05, -1063509888, 18027
1.1836e-05, -1042325888, 36623
1.27685e-05, -1032005888, 15551
3.73166, -1018165888, 18149
3.73131, -1005253888, 17007
1.6302e-05, -997869888, 11792
1.49001e-05, -992029888, 9919
1.35667e-05, -977845888, 20556
1.2889e-05, -969565888, 13006
3.73146, -957549888, 15749
2.01492, -934405888, 40781
3.60369, -912029888, 36975
3.60346, -884165888, 44593
3.73177, -865413888, 24408
1.04957e-05, -855253888, 15579
2.01517, -819069888, 60043
3.73139, -804845888, 18602
2.01608, -768725888, 59486
3.60358, -745053888, 39644
1.90827e-05, -735405888, 14415
3.60345, -714205888, 36442
1.61419e-05, -703277888, 18041
2.0156, -670253888, 54926
1.01506e-05, -663909888, 10329
2.01497, -637309888, 42461
2.15466e-05, -624549888, 18283
2.01479, -591509888, 54905
3.73161, -575133888, 21415
3.73167, -562069888, 17089
3.73086, -561213888, 1489
3.7313, -546853888, 18703
1.49444e-05, -538773888, 12308
1.31763e-05, -528581888, 15319
1.19893e-05, -520549888, 12931
3.60344, -500701888, 33747
1.09277e-05, -482693888, 30197
2.01538, -452269888, 50433
3.73168, -439589888, 16310
2.01553, -407741888, 53541
3.73131, -393181888, 19013
3.60408, -373549888, 33237
2.01494, -345941888, 47418
1.87897e-05, -337173888, 14188
3.73136, -320797888, 21376
2.01519, -292189888, 44616
2.01575, -254469888, 61981
1.6928e-05, -240733888, 19531
3.60337, -217629888, 38903
2.53429, -85373888, 232248
2.01482, -55133888, 50804
3.7312, -42885888, 16003
3.73133, -26701888, 21110
2.01583, 3378112, 48403
2.01486, 45298112, 68446
3.60362, 71202112, 42849
3.73133, 85706112, 18918
3.60364, 110642112, 41441
1.84885e-05, 121698112, 16712
1.25071e-05, 130786112, 13834
2.01487, 164642112, 55983
2.01508, 198554112, 55636
1.49074e-05, 210434112, 18738
1.31802e-05, 229690112, 31764
3.73096, 230562112, 1852
1.25254e-05, 239290112, 13702
3.73187, 253082112, 17975
3.73133, 265594112, 16298
1.35362e-05, 277546112, 17721
1.17174e-05, 291890112, 23591
3.73119, 292770112, 1738
1.7817e-05, 312514112, 34839
3.6042, 340818112, 48342
1.6677e-05, 351618112, 18242
3.73128, 366042112, 18878
3.73132, 380786112, 19376
3.73119, 381666112, 1760
3.60365, 406034112, 39848
1.43997e-05, 417546112, 16908
1.46477e-05, 431682112, 20171
1.26198e-05, 443178112, 17766
3.60334, 469770112, 42901
3.60763, 488858112, 31645
2.01481, 516450112, 47286
1.16178e-05, 522962112, 10376
3.6039, 550538112, 45125
3.60346, 574874112, 41423
2.0153, 600930112, 45620
2.01478, 626522112, 45459
3.60337, 647522112, 35816
1.85037e-05, 659234112, 19541
3.60362, 685146112, 43241
3.73119, 686026112, 1744
1.43541e-05, 692866112, 11076
1.25687e-05, 700362112, 11938
3.73216, 713082112, 16735
1.29954e-05, 723258112, 15107
1.09162e-05, 732898112, 14942
3.60374, 760866112, 45728
1.40622e-05, 781858112, 31927
1.28894e-05, 789954112, 13032
2.01484, 821546112, 49516
3.73169, 836594112, 20027
3.73122, 851002112, 18909
3.73195, 866714112, 20554
1.49222e-05, 879602112, 19276
2.015, 911514112, 53958
2.01505, 946986112, 59730
2.01471, 983450112, 60986
1.59385e-05, 993746112, 15476
1.15314e-05, 1006026112, 18100
1.30611e-05, 1013818112, 12308
3.60386, 1034250112, 35043
1.53397e-05, 1051242112, 28160
3.604, 1079930112, 46428
1.32445e-05, 1087114112, 11379
3.73119, 1087986112, 1520
1.48753e-05, 1097082112, 14956
3.73156, 1113434112, 23160
3.60355, 1138506112, 48993
3.73119, 1139386112, 1521
3.73141, 1152186112, 16751
3.60345, 1173570112, 36239
1.49201e-05, 1188922112, 26145
3.73129, 1202594112, 17817
2.0148, 1232082112, 50544
3.60394, 1255890112, 39402
3.73119, 1256770112, 1742
3.73219, 1267314112, 13813
3.60405, 1288610112, 35267
1.05127e-05, 1294914112, 10328
1.43256e-05, 1328514112, 59335
3.60343, 1350442112, 35556
1.19872e-05, 1356402112, 10155
2.01523, 1387178112, 51478
1.44923e-05, 1398874112, 17302
1.20527e-05, 1414218112, 23812
2.10768e-05, 1425354112, 16536
1.12238e-05, 1438186112, 18759
1.12585e-05, 1446650112, 13548
1.19926e-05, 1452922112, 10243
1.79241e-05, 1463522112, 15608
1.33185e-05, 1471594112, 12846
3.60381, 1493666112, 37947
1.44849e-05, 1515978112, 32858
1.27856e-05, 1526194112, 15455
1.53792e-05, 1532426112, 10265
2.25288e-05, 1538874112, 10580
1.00155e-05, 1546810112, 13067
1.56926e-05, 1553138112, 10330
1.55723e-05, 1569442112, 25091
3.73158, 1587530112, 23706
1.26024e-05, 1598994112, 17112
3.60371, 1622178112, 39152
3.60351, 1643274112, 36394
1.6839e-05, 1656290112, 21587
1.05823e-05, 1663026112, 11251
1.12996e-05, 1687770112, 39793
3.60449, 1713954112, 45070
1.16865e-05, 1722746112, 15471
1.953e-05, 1733178112, 15723
2.01479, 1768338112, 57556
1.33391e-05, 1787762112, 27835
1.86863e-05, 1796042112, 12872
3.60493, 1816218112, 34138
3.73119, 1817090112, 1509
1.62517e-05, 1833130112, 22579
3.7319, 1849818112, 22108
1.41125e-05, 1856202112, 10458
1.35812e-05, 1865282112, 15391
1.32498e-05, 1880058112, 21374
3.73161, 1892794112, 16656
3.73118, 1893666112, 1525
3.73119, 1894546112, 1546
2.01497, 1926842112, 54601
3.60357, 1956762112, 49372
3.60338, 1977266112, 34624
1.37447e-05, 1983362112, 10209
1.00154e-05, 1990786112, 12533
1.37493e-05, 1998202112, 12150
3.60306, 2022594112, 41212
1.08709e-05, 2042946112, 33726
3.60429, 2074162112, 51331
2.01471, 2107738112, 59115
3.60354, 2126666112, 40591
2.09049e-05, 2132402112, 12898
3.6034, -2139013184, 40006
3.73118, -2138141184, 1884
3.60338, -2117037184, 35677
3.73119, -2116157184, 1527
3.73121, -2104213184, 15630
1.23576e-05, -2095981184, 13760
2.01486, -2074389184, 37600
1.17389e-05, -2040149184, 57751
1.17744e-05, -2028581184, 16989
3.65429, -2027717184, 1639
1.54423e-05, -2021357184, 10538
3.60356, -1994149184, 44677
1.22533e-05, -1983397184, 15838
1.32611e-05, -1974381184, 14042
1.13619e-05, -1967445184, 11380
1.34372e-05, -1956957184, 15929
3.60352, -1928381184, 46702
1.16635e-05, -1909565184, 26110
3.60334, -1888973184, 35130
1.30031e-05, -1873525184, 21978
2.01565, -1836981184, 60308
1.79994e-05, -1830269184, 10817
1.77332e-05, -1820741184, 14622
1.6446e-05, -1809893184, 16417
2.01321, -1774037184, 60994
1.436e-05, -1767013184, 11369
1.66285e-05, -1756157184, 17530
2.01487, -1732709184, 40752
3.60374, -1707205184, 42387
2.01491, -1671341184, 59815
1.16062e-05, -1658813184, 20561
1.87878e-05, -1644029184, 20906
1.45639e-05, -1635637184, 13155
1.70778e-05, -1623069184, 18396
1.16279e-05, -1614541184, 13246
3.60364, -1591949184, 38507
3.73176, -1579477184, 16359
2.01477, -1548301184, 53764
1.51157e-05, -1538789184, 14331
1.94796e-05, -1523005184, 24819
3.60409, -1493005184, 48935
3.60536, -1461197184, 50863
3.60386, -1438133184, 40235
3.73212, -1422525184, 20402
3.6035, -1402085184, 34939
3.60349, -1379949184, 38021
3.73119, -1379077184, 1858
3.60466, -1360109184, 32475
3.60374, -1334213184, 41955
1.48499e-05, -1319589184, 21887
1.68948e-05, -1309093184, 15556
3.73147, -1294709184, 18821
2.01504, -1265733184, 48972
3.60391, -1240293184, 42265
1.74693e-05, -1229789184, 16153
2.01473, -1200469184, 50439
1.89491e-05, -1193229184, 11903
3.60457, -1175397184, 30389
3.73218, -1158093184, 22669
1.35694e-05, -1152741184, 9681
3.60411, -1130101184, 37828
3.60368, -1109309184, 35828
1.47682e-05, -1100709184, 13268
1.16998e-05, -1094549184, 10378
1.54893e-05, -1084717184, 14925
3.73134, -1066317184, 24099
1.33265e-05, -1057573184, 13497
1.68731e-05, -1050213184, 11699
1.71905e-05, -1037421184, 18950
3.73143, -1022229184, 19903
3.60371, -997437184, 40279
1.28872e-05, -983965184, 19389
1.38154e-05, -971677184, 17919
3.73158, -956789184, 19445
1.15464e-05, -940733184, 27502
1.48678e-05, -924445184, 25711
1.3528e-05, -917349184, 11779
3.7318, -904181184, 17261
1.30032e-05, -893637184, 16461
2.01488, -865557184, 47656
2.01477, -833501184, 53467
2.38745e-05, -821781184, 17443
3.60383, -793245184, 46790
3.73133, -775533184, 23170
2.01526, -750269184, 43619
3.73254, -737005184, 17345
1.98459e-05, -728437184, 13367
1.67771e-05, -720405184, 12360
2.64579e-05, -713413184, 12063
3.60354, -684381184, 46521
1.20482e-05, -672557184, 17685
3.61141, -648245184, 38251
3.60433, -619453184, 50246
1.37796e-05, -606245184, 19309
1.52735e-05, -594725184, 17388
1.0784e-05, -588613184, 10951
1.11988e-05, -572133184, 23198
3.60427, -544453184, 43990
2.01469, -513909184, 51924
1.27696e-05, -500029184, 20353
1.62071e-05, -493109184, 10989
2.01483, -463797184, 50749
3.60393, -439021184, 42275
3.73122, -427701184, 14831
3.60761, -403397184, 38591
2.01517, -370541184, 54696
3.60468, -347861184, 39212
3.73125, -332381184, 20085
3.6066, -313501184, 31900
1.29599e-05, -301333184, 17821
3.73135, -287469184, 18102
1.30245e-05, -267781184, 31079
3.73142, -257221184, 13817
1.83491e-05, -251645184, 9511
1.67131e-05, -240917184, 15874
1.46907e-05, -230301184, 16150
1.71271e-05, -217669184, 20024
3.73128, -204941184, 16695
1.94212e-05, -195237184, 15014
3.60383, -166981184, 46303
2.0163, -129725184, 60348
2.01485, -92885184, 61022
2.01489, -67197184, 44656
3.73166, -53029184, 18570
2.01483, -25373184, 47045
3.73129, -10989184, 18810
1.49333e-05, -3093184, 12770
1.44887e-05, 6258816, 14346
2.01508, 28362816, 39039
1.24306e-05, 48850816, 32129
2.01518, 77610816, 48357
3.73128, 89410816, 15442
1.37054e-05, 107506816, 25604
2.01485, 143762816, 64114
1.33213e-05, 151234816, 12208
1.54025e-05, 158114816, 10970
3.73119, 158994816, 1515
2.79127, 171970816, 17588
3.60691, 173138816, 1949
1.29109e-05, 179706816, 10747
1.30005e-05, 200282816, 35053
1.3068e-05, 212122816, 17281
2.78609, 229338816, 23735
2.01471, 259346816, 52610
3.60368, 285482816, 43820
3.73119, 286362816, 1517
1.99227e-05, 294490816, 14488
3.7319, 306882816, 16119
2.01484, 341458816, 57790
1.20562e-05, 348970816, 12537
1.12081e-05, 362394816, 20193
1.29162e-05, 375642816, 19172
1.13568e-05, 390106816, 23736
1.00735e-05, 398610816, 14070
1.55046e-05, 407682816, 13961
1.6004e-05, 415362816, 12121
2.01487, 430898816, 21499
1.48956e-05, 438850816, 12491
3.60362, 459514816, 36306
3.73124, 472434816, 17016
3.60351, 500666816, 48020
1.27349e-05, 512450816, 17562
1.00687e-05, 520322816, 12774
3.73124, 533554816, 17373
3.60435, 559074816, 41942
3.60414, 584418816, 40110
1.23879e-05, 594290816, 17474
3.7314, 610194816, 20784
2.01512, 656818816, 76379
3.60375, 678554816, 36972
1.23913e-05, 688026816, 14340
1.39036e-05, 699922816, 18950
3.60355, 726938816, 44396
1.27245e-05, 738010816, 16570
2.09696e-05, 748378816, 15902
0.15118, 777418816, 50112
1.25054e-05, 789586816, 18231
3.6033, 808386816, 32098
3.73135, 824034816, 20503
1.31059e-05, 832090816, 12715
1.41818e-05, 838866816, 10769
3.73138, 851866816, 16984
3.60403, 873162816, 36453
1.75223e-05, 886938816, 19467
3.7312, 903914816, 22228
3.73133, 918002816, 18460
3.60564, 940202816, 37214
2.0155, 969474816, 49195
2.01515, 998514816, 50251
1.12365e-05, 1006322816, 12534
3.60567, 1026394816, 33821
0.000353, 1060802816, 59456
1.30115e-05, 1069706816, 14157
1.73173e-05, 1083090816, 19522
3.73188, 1096410816, 17430
2.0147, 1130626816, 57217
3.60453, 1153874816, 39374
1.54772e-05, 1166546816, 18609
2.24135e-05, 1177330816, 16784
1.37722e-05, 1187194816, 15759
1.91327e-05, 1193546816, 10416
1.30282e-05, 1200818816, 11693
3.73131, 1213706816, 16826
3.73119, 1214594816, 1876
3.73119, 1215474816, 1864
3.60367, 1238962816, 39407
1.902e-05, 1262378816, 40925
3.60364, 1281858816, 33870
3.73223, 1294554816, 16834
1.38055e-05, 1304450816, 15352
1.302e-05, 1315322816, 16461
3.7312, 1328106816, 16886
3.73128, 1342474816, 18864
1.3193e-05, 1356242816, 22998
1.06884e-05, 1370698816, 22555
3.7312, 1385898816, 20034
3.60336, 1412946816, 43581
1.81424e-05, 1426114816, 19496
1.58643e-05, 1436458816, 16363
1.46027e-05, 1444354816, 12545
1.19654e-05, 1449482816, 9129
3.60332, 1475978816, 42621
3.60345, 1499626816, 38703
2.01549, 1534298816, 56451
3.60383, 1552130816, 30535
1.96201e-05, 1559274816, 11349
3.73118, 1560146816, 1513
3.73133, 1570122816, 13014
1.46902e-05, 1577770816, 12266
1.60756e-05, 1589794816, 17575
1.60739e-05, 1603458816, 22092
3.60391, 1632394816, 46350
2.01554, 1660074816, 48025
1.42617e-05, 1672874816, 19958
3.73152, 1691434816, 24293
1.44521e-05, 1706754816, 23089
1.30384e-05, 1717314816, 16193
3.60344, 1738002816, 34505
3.73132, 1752346816, 18688
3.60296, 1773594816, 36579
3.73113, 1774466816, 1501
3.73119, 1775338816, 1502
1.01293e-05, 1783346816, 12652
3.6041, 1807842816, 40762
1.20182e-05, 1816898816, 14026
1.45623e-05, 1837306816, 35538
3.73119, 1838186816, 1777
1.23285e-05, 1845938816, 12832
3.61018, 1867954816, 36920
1.28058e-05, 1880122816, 21089
1.11271e-05, 1895194816, 21771
1.44319e-05, 1902410816, 12169
3.60359, 1924050816, 37462
1.9377e-05, 1934250816, 15577
1.30804e-05, 1947818816, 19998
3.60416, 1970570816, 37930
1.34022e-05, 1987434816, 27381
1.35332e-05, 1999050816, 17419
3.60342, 2022514816, 39682
1.67209e-05, 2036338816, 21530
3.73125, 2048218816, 15759
3.60424, 2077698816, 49732
1.4895e-05, 2090930816, 18834
1.54173e-05, 2098890816, 14366
1.8802e-05, 2109570816, 16303
3.60343, 2138074816, 47300
1.87176e-05, -2146948480, 15099
3.60453, -2127116480, 33320
1.16974e-05, -2121956480, 8889
3.60946, -2100180480, 34923
3.60419, -2074684480, 42908
1.07517e-05, -2065084480, 14925
3.60346, -2041908480, 39636
3.73092, -2041036480, 1610
3.60353, -2022188480, 32474
1.64829e-05, -2012716480, 14730
1.23926e-05, -2004740480, 13582
2.0149, -1979860480, 43362
1.35681e-05, -1972748480, 11479
3.60378, -1949268480, 39019
3.73123, -1933500480, 20751
3.60327, -1914404480, 32776
1.33892e-05, -1900020480, 20678
3.73162, -1886668480, 17589
2.51164e-05, -1881572480, 9263
3.60362, -1856404480, 41551
1.26249e-05, -1843700480, 18741
2.01636, -1819660480, 41738
3.60331, -1796260480, 38815
0.151102, -1758516480, 62551
3.6034, -1737668480, 34843
1.19644e-05, -1726820480, 16055
2.01493, -1700108480, 46071
1.17909e-05, -1690076480, 16029
1.48744e-05, -1677084480, 19122
1.25325e-05, -1667220480, 15383
2.0151, -1635948480, 53131
3.73144, -1622988480, 17133
3.73179, -1607092480, 20817
1.23804e-05, -1599564480, 13215
2.00536e-05, -1588788480, 17977
1.36003e-05, -1582268480, 10946
1.80884e-05, -1569252480, 19290
1.5422e-05, -1556740480, 18468
3.73119, -1555860480, 1887
3.60333, -1533948480, 37360
3.60332, -1510292480, 40257
1.0919e-05, -1504300480, 9862
2.0916e-05, -1490612480, 19626
1.69642e-05, -1474412480, 24993
2.01502, -1440660480, 54548
3.73125, -1426628480, 18481
1.21812e-05, -1414044480, 18767
1.04076e-05, -1406868480, 12061
3.60436, -1389324480, 32003
3.73124, -1376140480, 17500
1.53864e-05, -1369492480, 10863
1.83759e-05, -1357196480, 20302
3.73125, -1342372480, 19535
3.61212, -1325788480, 28411
9.9856e-06, -1300060480, 42405
3.73126, -1282284480, 23550
1.8361e-05, -1272924480, 14074
1.81452e-05, -1258764480, 22074
2.03051, -1075100480, 321557
3.60373, -1049436480, 43338
2.0148, -1014972480, 57550
1.1934e-05, -1005828480, 14410
1.61408e-05, -987660480, 28889
1.25335e-05, -968508480, 26706
3.60361, -944444480, 41647
1.51333e-05, -913212480, 51418
3.73249, -896700480, 21628
3.73119, -895820480, 1521
2.01481, -866956480, 48844
1.59743e-05, -860132480, 10839
1.13959e-05, -853068480, 12311
2.01477, -821308480, 54144
2.01508, -789372480, 53484
3.73136, -774108480, 19987
2.01535, -741484480, 55287
2.01501, -691060480, 86752
2.01457, -652604480, 65080
3.73127, -639700480, 16902
3.60383, -612052480, 43752
1.98012e-05, -595748480, 24965
3.73119, -594884480, 1499
1.44889e-05, -587468480, 12298
3.60348, -565260480, 36785
3.60649, -541572480, 40063
3.60345, -517052480, 40948
3.60393, -494236480, 39477
2.01487, -466844480, 46032
1.7822e-05, -446628480, 32011
3.60341, -425572480, 35989
3.73139, -412364480, 17301
1.31102e-05, -401188480, 17134
2.11323e-05, -394244480, 12025
2.01477, -355012480, 63735
3.60357, -329980480, 42618
2.01487, -299820480, 50874
3.60354, -274636480, 42786
1.43828e-05, -260188480, 20612
3.60386, -239788480, 35236
3.73153, -224036480, 20674
1.15013e-05, -217468480, 10804
3.60366, -190340480, 43845
1.48514e-05, -177252480, 19011
1.49732e-05, -162964480, 21936
2.01474, -138532480, 43042
1.34132e-05, -128548480, 15137
2.32951e-05, -121164480, 11636
1.35989e-05, -113684480, 11905
1.96127e-05, -98356480, 21680
1.23531e-05, -92532480, 9745
1.57539e-05, -58204480, 54966
3.73192, -41420480, 21905
3.73119, -40540480, 1544
3.605, -21956480, 31481
1.41176e-05, -1844480, 33710
1.23946e-05, 13011520, 21306
3.60458, 38187520, 42932
1.32416e-05, 50835520, 19830
1.51351e-05, 80243520, 48395
1.29301e-05, 99979520, 32173
1.06501e-05, 108419520, 13517
3.60391, 131235520, 38187
2.01524, 157163520, 44360
1.25104e-05, 169339520, 19682
1.661e-05, 175987520, 11080
1.28656e-05, 190931520, 25205
1.39394e-05, 196835520, 10525
3.60451, 226139520, 47118
2.29197e-05, 244675520, 30497
1.61826e-05, 251379520, 10821
3.73122, 265651520, 18643
3.7313, 278387520, 16584
3.60347, 302787520, 40493
1.58692e-05, 310491520, 12207
1.19604e-05, 328491520, 25241
3.60359, 356459520, 46078
1.51711e-05, 366707520, 16144
3.60434, 387891520, 36119
1.94841e-05, 397939520, 15046
3.73118, 398819520, 1872
1.27581e-05, 405811520, 11190
3.73131, 417939520, 15705
3.73129, 431539520, 17813
3.60329, 451923520, 34448
1.37562e-05, 465115520, 21870
2.01472, 493115520, 48007
1.7298e-05, 503323520, 16854
3.73157, 516643520, 17406
3.7315, 529555520, 16918
3.73126, 543899520, 18713
3.7319, 556355520, 16342
1.42573e-05, 567531520, 16761
3.60458, 586963520, 32785
2.01497, 616475520, 48820
3.7313, 629483520, 17008
1.28344e-05, 637139520, 12454
1.3026e-05, 647739520, 16287
3.607, 670659520, 37606
3.73181, 685283520, 19078
1.01348e-05, 692667520, 11895
1.14541e-05, 711707520, 30871
2.01504, 740995520, 50135
1.32941e-05, 753571520, 19043
2.01518, 785923520, 53373
1.3527e-05, 800291520, 20288
1.17237e-05, 811059520, 15910
1.3654e-05, 823115520, 18105
2.01543, 846171520, 40175
1.36922e-05, 860075520, 24603
2.01474, 886995520, 46311
2.01514, 920267520, 54960
1.29284e-05, 934547520, 20653
3.73137, 948371520, 18181
3.60338, 976507520, 46484
3.6042, 994851520, 31646
1.7266e-05, 1004643520, 14631
2.01513, 1031739520, 46265
3.73119, 1032619520, 1518
1.49756e-05, 1041091520, 13490
1.06647e-05, 1054323520, 19656
1.62028e-05, 1063251520, 13713
2.01501, 1102715520, 64507
3.6036, 1131107520, 45518
1.6408e-05, 1137499520, 10813
1.41579e-05, 1146747520, 14236
1.75099e-05, 1154379520, 11905
1.16619e-05, 1162619520, 12842
1.36844e-05, 1170867520, 12883
1.68626e-05, 1187971520, 23883
1.32999e-05, 1202331520, 22215
3.60464, 1228331520, 43934
1.12574e-05, 1236363520, 12737
1.18747e-05, 1251051520, 21553
3.73132, 1264739520, 17954
3.60343, 1293299520, 46506
3.60357, 1315923520, 38797
3.60452, 1340371520, 41401
1.32275e-05, 1355171520, 22174
2.01473, 1388939520, 56603
1.25484e-05, 1412203520, 37498
2.01473, 1449059520, 61436
1.69106e-05, 1460739520, 17010
3.73125, 1474195520, 17589
3.60419, 1499483520, 43127
1.38174e-05, 1510283520, 16164
1.84724e-05, 1519979520, 15941
1.36589e-05, 1532339520, 18547
3.73127, 1545323520, 16953
1.0354e-05, 1555011520, 14852
1.14364e-05, 1566539520, 17212
1.43709e-05, 1575435520, 15115
2.01492, 1616115520, 66022
2.01504, 1640363520, 42181
3.60491, 1665539520, 43100
3.60391, 1685923520, 34537
1.07733e-05, 1704179520, 32414
1.05966e-05, 1729235520, 37430
1.36501e-05, 1737579520, 13188
2.01492, 1764379520, 45454
1.63213e-05, 1769483520, 8835
1.91928e-05, 1791531520, 34112
3.60478, 1815659520, 41805
1.17116e-05, 1823971520, 13209
3.60659, 1847715520, 37665
1.5415e-05, 1862155520, 21627
3.6042, 1884755520, 38221
1.20907e-05, 1894275520, 14766
3.73132, 1909395520, 19807
1.44547e-05, 1919395520, 16462
1.76202e-05, 1926787520, 11756
1.35164e-05, 1947507520, 33928
3.73124, 1959371520, 15540
2.01551, 1998059520, 64084
2.01484, 2028051520, 52395
1.08862e-05, 2041531520, 19552
1.30279e-05, 2050683520, 14116
1.11459e-05, 2059419520, 13696
1.49196e-05, 2069947520, 16838
1.10697e-05, 2075491520, 9588
1.03756e-05, 2087787520, 17999
3.73213, 2101299520, 17642
1.33144e-05, 2113035520, 19823
2.60835e-05, 2119395520, 10349
3.73125, 2134499520, 19809
2.01511, -2136763776, 41731
3.73125, -2123419776, 17451
3.60372, -2103011776, 34289
1.45153e-05, -2093227776, 14993
3.60365, -2068027776, 42575
3.60491, -2041763776, 43295
3.73134, -2025043776, 21883
3.73187, -2012603776, 16318
3.73127, -2001155776, 14988
1.69594e-05, -1988595776, 18489
1.80824e-05, -1979979776, 13589
0.000282792, -1961459776, 27437
2.01492, -1932771776, 48998
1.10355e-05, -1914811776, 28124
3.60387, -1891123776, 38244
2.01507, -1855851776, 58968
2.05924e-05, -1851131776, 8282
2.01481, -1787611776, 105328
3.73138, -1770611776, 22208
1.17164e-05, -1760851776, 14899
3.60391, -1740339776, 34923
1.01822e-05, -1725603776, 21851
1.34106e-05, -1714739776, 18164
2.01477, -1688507776, 46434
3.73139, -1676059776, 16294
1.03654e-05, -1670059776, 9900
1.18957e-05, -1649771776, 33526
1.40336e-05, -1638819776, 16299
1.31327e-05, -1628363776, 15581
3.60402, -1604683776, 38372
2.01502, -1563379776, 70657
3.73129, -1549675776, 17914
3.60357, -1528939776, 35383
2.01511, -1504283776, 43492
1.36634e-05, -1494315776, 15589
2.79231, -1480307776, 25538
2.01478, -1446611776, 56441
2.01486, -1415955776, 50948
2.0154, -1382483776, 57387
3.73152, -1365251776, 22532
2.01479, -1338251776, 45868
1.90823e-05, -1312011776, 43586
3.60325, -1289475776, 38070
1.15795e-05, -1282843776, 11064
3.73086, -1281979776, 1538
1.22683e-05, -1262755776, 32583
1.45865e-05, -1256499776, 10603
1.32383e-05, -1246963776, 14562
1.13375e-05, -1235627776, 17071
1.79454e-05, -1229251776, 10504
2.01465, -1199747776, 49889
3.73119, -1198867776, 1536
1.24996e-05, -1189803776, 13911
1.25822e-05, -1161979776, 46520
3.60345, -1139267776, 38298
1.47519e-05, -1129619776, 15650
2.01553, -1094915776, 57243
3.73134, -1081683776, 17410
2.01467, -1057291776, 43695
3.73119, -1056419776, 1849
1.58736e-05, -1045859776, 16372
1.58837e-05, -1030843776, 22934
3.60735, -1011539776, 32257
1.33586e-05, -1001779776, 14748
3.73128, -985027776, 21688
1.83042e-05, -979083776, 10431
3.6041, -954355776, 41897
2.01512, -923691776, 51748
1.22749e-05, -918363776, 9408
1.20472e-05, -894699776, 38773
3.73169, -881875776, 16799
1.56472e-05, -871611776, 15567
1.70033e-05, -860155776, 17301
3.73187, -847587776, 16503
1.32445e-05, -840779776, 11052
1.14907e-05, -831867776, 13758
1.40155e-05, -824563776, 11792
3.73182, -812323776, 15976
3.60362, -786507776, 43591
3.73151, -772011776, 19016
3.6036, -748579776, 40032
1.3836e-05, -740507776, 13377
1.1465e-05, -732803776, 12350
3.60528, -713547776, 34858
2.01523, -676699776, 60216
3.73175, -662427776, 18697
2.01479, -631475776, 52400
3.73122, -618307776, 17292
1.61913e-05, -601411776, 23571
3.60381, -578523776, 38579
2.4176e-05, -570219776, 13137
1.13082e-05, -556043776, 23991
2.01483, -524003776, 55046
2.16713e-05, -513555776, 15436
3.60379, -483035776, 50558
2.01467, -448763776, 56759
3.60638, -431091776, 29830
2.79257, -408659776, 39854
3.73133, -394835776, 18191
3.73101, -393963776, 1533
1.20854e-05, -383579776, 16300
2.01501, -358011776, 43813
1.26343e-05, -344043776, 20568
3.73114, -343171776, 1513
1.31591e-05, -317827776, 42509
3.73159, -304779776, 17103
2.01428e-05, -285803776, 27364
1.60356e-05, -270203776, 22420
3.73174, -257563776, 16562
3.60368, -233931776, 39833
3.60437, -204299776, 48986
1.14054e-05, -169627776, 57991
3.60334, -146235776, 39017
1.14108e-05, -137467776, 14527
2.01474, -105987776, 53017
1.39617e-05, -97299776, 13493
1.0526e-05, -86339776, 16347
2.01496, -52251776, 57112
3.7319, -34403776, 23597
1.54059e-05, -23667776, 16027
1.83063e-05, -11011776, 20696
3.73119, -10147776, 1511
1.35141e-05, -3251776, 11062
2.01527, 36444224, 65552
2.03393e-05, 43748224, 11781
1.53903e-05, 53220224, 14754
1.63675e-05, 76956224, 40833
3.60343, 97220224, 34171
3.73155, 114548224, 22660
3.60438, 143668224, 47547
1.54921e-05, 151284224, 12547
1.45248e-05, 162052224, 16036
3.60522, 190092224, 46215
9.69401e-06, 198932224, 14015
2.01489, 232220224, 55266
1.97088e-05, 242716224, 15707
1.56702e-05, 250060224, 12565
3.60425, 275636224, 43074
3.60797, 295548224, 32649
1.35783e-05, 305260224, 14872
1.71489e-05, 321004224, 24007
3.60371, 342844224, 37293
1.92905e-05, 348156224, 9385
3.73156, 363716224, 20246
1.08471e-05, 375756224, 17704
3.7312, 388948224, 17274
9.79387e-06, 397780224, 13851
3.73122, 412644224, 19432
1.34546e-05, 424732224, 19210
2.01586, 459236224, 57058
1.76652e-05, 466452224, 12528
1.22555e-05, 488844224, 33739
1.10063e-05, 502892224, 20500
1.58335e-05, 512644224, 15421
1.19906e-05, 530580224, 29500
3.73119, 531468224, 1532
1.52012e-05, 543156224, 17125
1.30404e-05, 552340224, 14401
1.2886e-05, 569308224, 23891
3.73119, 570188224, 1526
3.73185, 586332224, 21106
1.38739e-05, 599956224, 19471
3.7313, 613316224, 17607
3.73123, 626540224, 17295
3.73171, 639492224, 16917
1.23057e-05, 648652224, 13785
2.015, 678388224, 50474
1.20123e-05, 686172224, 12567
1.41534e-05, 702548224, 23399
2.0152, 739852224, 63501
1.29571e-05, 749172224, 14532
1.12851e-05, 758316224, 14235
3.73133, 775612224, 22643
1.33824e-05, 790420224, 25321
3.73142, 809092224, 24475
3.60459, 836268224, 46416
3.60423, 863556224, 45074
1.46499e-05, 873860224, 15318
1.28132e-05, 882836224, 14803
3.73124, 895684224, 16827
2.01471, 935268224, 64462
2.01495, 988276224, 88529
1.23703e-05, 996220224, 12718
1.59094e-05, 1006364224, 14914
1.79687e-05, 1020948224, 21219
1.14038e-05, 1029636224, 13765
1.13994e-05, 1039492224, 15001
1.43407e-05, 1047596224, 13321
3.60352, 1068444224, 34779
1.30988e-05, 1075100224, 10707
1.92199e-05, 1093116224, 27479
1.43936e-05, 1107948224, 22576
1.16753e-05, 1114156224, 10086
1.19332e-05, 1129036224, 21072
1.36143e-05, 1140876224, 20210
2.59922e-05, 1148364224, 11867
1.28975e-05, 1156180224, 12615
1.56806e-05, 1167028224, 17031
2.01475, 1207236224, 66626
3.6039, 1233140224, 42403
1.11958e-05, 1239884224, 11737
2.01465, 1275644224, 59427
1.16479e-05, 1289212224, 19381
3.60384, 1314996224, 42952
3.60372, 1343772224, 49104
1.28509e-05, 1357996224, 23671
2.79191, 1388460224, 51889
2.01506, 1419076224, 51630
3.73128, 1433356224, 18678
3.60364, 1445780224, 22397
2.01493, 1481428224, 59231
3.60337, 1502636224, 36012
1.38911e-05, 1513812224, 16774
3.60334, 1534500224, 34495
3.73119, 1535372224, 1850
1.2584e-05, 1545324224, 16906
3.60382, 1570188224, 43260
3.73107, 1571068224, 1650
3.73128, 1586004224, 20148
1.17217e-05, 1593996224, 12669
2.76437, 1635940224, 70643
3.60349, 1660068224, 40814
3.60336, 1685964224, 42334
2.01496, 1713420224, 47746
1.47565e-05, 1726796224, 19797
1.64278e-05, 1739036224, 17700
3.73164, 1755140224, 21024
3.60419, 1776108224, 34827
3.60372, 1798396224, 37512
2.01471, 1838116224, 64395
1.27582e-05, 1843564224, 9573
1.552e-05, 1853628224, 15502
3.60332, 1875372224, 36638
1.15874e-05, 1886948224, 17485
3.73144, 1899380224, 16307
1.31484e-05, 1915468224, 23538
1.66518e-05, 1923508224, 13197
1.43409e-05, 1931012224, 12203
3.60344, 1952140224, 36139
1.43126e-05, 1957052224, 11914
1.14265e-05, 1971556224, 32011
1.29557e-05, 1984204224, 29417
3.73118, 1985076224, 2085
1.3981e-05, 1994860224, 20389
3.60386, 2019404224, 39816
1.17511e-05, 2031052224, 17574
3.60361, 2059156224, 45438
3.14987e-05, 2066148224, 11138
1.22888e-05, 2073300224, 11761
3.73119, 2074180224, 1907
1.48962e-05, 2084308224, 15934
3.60342, 2108060224, 40400
3.60346, 2130044224, 35693
1.11834e-05, 2139500224, 15455
2.01525, -2129323072, 44645
3.73119, -2128443072, 1873
3.60334, -2107051072, 37453
3.60368, -2085843072, 36140
2.01484, -2058667072, 48316
1.63426e-05, -2040915072, 28755
1.10291e-05, -2031763072, 14104
2.01494, -2002643072, 48958
1.54031e-05, -1993611072, 13960
1.46949e-05, -1985755072, 12435
1.34863e-05, -1978763072, 11294
1.42617e-05, -1966099072, 18580
2.01528, -1931899072, 57397
1.00535e-05, -1922923072, 13905
3.73061, -1922051072, 1504
1.32801e-05, -1908603072, 22925
2.01469, -1854907072, 90697
1.01762e-05, -1846963072, 13206
3.60337, -1823395072, 39694
3.73166, -1807515072, 20779
3.73227, -1794971072, 16410
2.01477, -1766515072, 48016
3.73148, -1752955072, 17728
1.25184e-05, -1735203072, 27799
1.188e-05, -1714651072, 32085
1.26172e-05, -1702011072, 18447
1.7106e-05, -1689419072, 20675
3.60392, -1671115072, 32910
3.60372, -1648331072, 39157
3.73144, -1635259072, 17108
1.42129e-05, -1628555072, 11291
1.30359e-05, -1620939072, 12371
1.37151e-05, -1611171072, 16549
1.37071e-05, -1590659072, 28461
3.61009, -1570251072, 34322
3.60338, -1542611072, 45632
2.01471, -1505611072, 61659
1.15768e-05, -1492259072, 21858
3.73119, -1491403072, 1480
1.49131e-05, -1481403072, 17041
1.14422e-05, -1471019072, 16012
3.60535, -1443747072, 46598
1.28001e-05, -1428843072, 21330
1.72202e-05, -1421139072, 12211
3.60367, -1396715072, 41556
2.51865e-05, -1389443072, 11840
3.6035, -1365219072, 40908
3.73176, -1351995072, 17304
3.60341, -1325523072, 43204
1.25819e-05, -1307283072, 29989
1.22416e-05, -1299723072, 12053
3.60408, -1277499072, 36004
3.73145, -1262051072, 19396
2.01477, -1212123072, 80528
3.60374, -1190019072, 35295
3.60444, -1168515072, 35080
2.01485, -1138387072, 50210
1.23939e-05, -1131755072, 10597
3.73119, -1130875072, 1839
3.73131, -1115131072, 20177
1.25208e-05, -1106771072, 12641
3.73114, -1105899072, 1688
1.16772e-05, -1098563072, 11638
1.36652e-05, -1087331072, 16552
3.605, -1060331072, 42563
3.60403, -1033995072, 45135
2.01494, -1006931072, 43993
3.60375, -983027072, 38443
1.48544e-05, -966051072, 28421
2.01536, -936403072, 47684
3.73197, -919819072, 20803
3.73125, -904091072, 19701
1.05294e-05, -895363072, 13051
3.60345, -874979072, 33548
2.01525, -844291072, 49449
1.53807e-05, -832139072, 17242
1.55908e-05, -823835072, 12750
3.60871, -804931072, 30455
3.60494, -785907072, 30529
3.60408, -762043072, 39113
2.01473, -723659072, 60840
3.73314, -710347072, 16742
1.67032e-05, -700211072, 16592
1.08208e-05, -693051072, 11085
1.36164e-05, -685331072, 11736
3.609, -665299072, 31627
1.17542e-05, -658811072, 10310
1.43835e-05, -647051072, 16566
3.73118, -646179072, 1451
2.01555, -614859072, 51212
1.66218e-05, -608915072, 9375
2.19283e-05, -598443072, 15065
1.52181e-05, -591059072, 11266
3.7313, -572651072, 23047
1.45535e-05, -556723072, 24015
2.01488, -517939072, 60512
2.01502, -487811072, 46396
1.42542e-05, -477427072, 15088
3.60434, -452299072, 41816
1.41149e-05, -445683072, 10479
3.73112, -444803072, 1483
1.21671e-05, -436611072, 12667
3.60977, -420435072, 26192
3.60341, -392763072, 43532
3.73138, -375259072, 22233
1.24249e-05, -363539072, 16527
9.98034e-06, -350651072, 18466
1.07357e-05, -345515072, 8945
2.0151, -309019072, 56744
1.59286e-05, -302555072, 10392
1.37651e-05, -292747072, 14206
1.18826e-05, -276363072, 26755
1.31743e-05, -266147072, 16013
1.44877e-05, -259339072, 10537
3.6038, -232371072, 41855
1.40294e-05, -221067072, 16397
1.29556e-05, -206083072, 24211
3.73111, -205203072, 1448
2.01483, -182227072, 34349
1.32253e-05, -169587072, 17735
2.01487, -104795072, 104011
1.01192e-05, -94795072, 15249
1.66206e-05, -74811072, 32463
1.16126e-05, -68403072, 10663
1.48605e-05, -57251072, 16187
3.60331, -36123072, 35632
3.60332, -6115072, 47711
3.73151, 11060928, 22028
1.36513e-05, 16660928, 9900
1.84513e-05, 25540928, 14679
1.35999e-05, 45908928, 33254
1.26459e-05, 53364928, 11629
3.73122, 64652928, 14584
2.01469, 104828928, 63751
1.69067e-05, 118972928, 19437
1.42939e-05, 134844928, 21718
1.09867e-05, 149460928, 19959
2.01511, 177332928, 46466
2.0145, 233332928, 90090
3.60729, 256452928, 39599
3.73162, 272748928, 20781
1.20662e-05, 279916928, 11303
3.60554, 301204928, 34251
1.436e-05, 307628928, 10864
2.01549, 341932928, 55891
3.60335, 361220928, 32597
3.60336, 381780928, 34419
2.75351, 427012928, 72159
2.0151, 451572928, 41731
3.73131, 462940928, 14140
3.73119, 463812928, 1434
2.14898e-05, 471916928, 12075
1.33272e-05, 481268928, 14063
1.55461e-05, 494092928, 19729
2.01505, 515868928, 32049
1.14447e-05, 522068928, 10115
3.73125, 522932928, 1104
3.60338, 543060928, 33674
1.24809e-05, 550380928, 11537
1.76349e-05, 558748928, 13483
2.01501, 586500928, 46767
3.60413, 607364928, 34583
1.61022e-05, 615500928, 12732
2.01466, 660108928, 74444
9.86287e-06, 673076928, 18431
3.6034, 696052928, 37366
2.01492, 722164928, 43573
3.60393, 749340928, 42523
1.48396e-05, 759500928, 14860
3.73119, 760380928, 1856
3.73117, 761252928, 1471
3.73118, 762124928, 1471
1.25603e-05, 775684928, 19955
1.24588e-05, 792724928, 27963
1.25755e-05, 818324928, 40344
3.73122, 831476928, 16430
1.36213e-05, 842636928, 16348
3.60351, 867748928, 40407
3.60344, 895564928, 42149
3.73175, 907884928, 15486
3.73123, 921220928, 16696
2.01475, 956076928, 55963
2.01523, 983196928, 44880
1.28999e-05, 994924928, 16712
1.29088e-05, 1010732928, 21939
3.60372, 1036652928, 41643
1.22316e-05, 1048604928, 16455
3.60381, 1071364928, 37303
3.60324, 1093068928, 35536
2.01614, 1126820928, 53543
3.60407, 1146084928, 31630
1.28538e-05, 1169308928, 39106
3.60334, 1195356928, 41099
3.7314, 1208052928, 16125
1.33965e-05, 1220556928, 18384
3.73158, 1239028928, 23420
3.60331, 1264668928, 41092
1.55762e-05, 1277852928, 19403
2.01506, 1305540928, 49859
1.10253e-05, 1315012928, 14396
3.7315, 1327412928, 15760
3.73172, 1340796928, 16992
3.60406, 1371676928, 48504
1.69205e-05, 1383740928, 17237
2.78798, 1413380928, 48255
1.37718e-05, 1420812928, 11326
3.60388, 1443796928, 36413
2.01475, 1476100928, 52459
2.01509, 1498012928, 37521
1.52414e-05, 1506556928, 12785
1.29891e-05, 1515468928, 13396
3.73119, 1516340928, 1442
3.60357, 1536956928, 33665
1.26235e-05, 1550100928, 19900
3.60484, 1576876928, 41138
1.3959e-05, 1589108928, 17341
3.73139, 1600756928, 14937
1.16829e-05, 1609404928, 13842
1.0331e-05, 1621444928, 18030
3.60454, 1647980928, 43308
2.01592, 1674436928, 44506
3.73125, 1691052928, 20797
2.01525, 1724652928, 54635
3.73119, 1725532928, 1456
1.24182e-05, 1734100928, 12961
1.48991e-05, 1747076928, 18247
1.53566e-05, 1772844928, 43706
3.60355, 1794012928, 34028
3.73166, 1804068928, 12714
2.01489, 1837916928, 55871
2.01496, 1865172928, 43272
3.7314, 1878700928, 16944
1.70848e-05, 1884356928, 8912
1.81331e-05, 1896340928, 16696
3.60339, 1914004928, 29191
2.01477, 1944108928, 48984
1.31076e-05, 1959268928, 20778
3.73116, 1960124928, 1432
2.01479, 1992220928, 51694
3.60387, 2011948928, 32050
2.01526, 2035444928, 39442
1.99564e-05, 2046660928, 17889
3.73168, 2059588928, 16514
3.60514, 2082308928, 35226
1.25301e-05, 2093612928, 16389
1.54684e-05, 2103620928, 14401
1.16419e-05, 2118396928, 20603
1.21489e-05, 2137868928, 31301
1.28935e-05, 2144364928, 10488
1.19285e-05, -2139466368, 15862
3.73122, -2126322368, 16438
3.73162, -2113178368, 16747
1.10533e-05, -2102858368, 15419
2.01499, -2069810368, 49606
1.54174e-05, -2057378368, 17260
1.27364e-05, -2048442368, 14294
3.60346, -2018106368, 47096
1.38829e-05, -2008050368, 15684
1.5871e-05, -2000002368, 12626
1.52345e-05, -1991258368, 13315
2.01507, -1959802368, 51236
1.08616e-05, -1952706368, 11018
3.73162, -1939650368, 16383
3.73119, -1938770368, 1805
3.73165, -1925602368, 16516
3.73134, -1910402368, 19459
3.6037, -1889746368, 33758
1.2367e-05, -1877746368, 17387
1.15261e-05, -1868594368, 13934
1.19312e-05, -1861850368, 10859
3.60499, -1833546368, 45563
3.60416, -1805690368, 44195
3.73182, -1791130368, 18625
1.23516e-05, -1778474368, 17844
2.01524, -1749026368, 48027
2.01478, -1717442368, 50905
1.73263e-05, -1704674368, 17874
3.73185, -1691594368, 16313
3.73192, -1679498368, 15127
2.01492, -1644194368, 56725
9.95809e-06, -1621826368, 34148
3.73157, -1609226368, 15893
1.72759e-05, -1596866368, 21166
1.58889e-05, -1589810368, 11458
1.31438e-05, -1583666368, 9609
3.60356, -1556290368, 44035
2.01492, -1514834368, 64660
2.0151, -1485586368, 47485
1.35214e-05, -1473810368, 18278
3.60371, -1449594368, 39520
1.2216e-05, -1439146368, 14921
3.73269, -1422290368, 20991
1.81122e-05, -1407138368, 22226
3.73148, -1391378368, 19707
1.30926e-05, -1375746368, 22895
2.01504, -1349666368, 43120
1.3202e-05, -1342826368, 10864
1.26173e-05, -1331538368, 15942
1.1379e-05, -1318714368, 17807
1.5119e-05, -1304762368, 21050
2.01533, -1272578368, 50446
1.37012e-05, -1263466368, 13289
1.38285e-05, -1258434368, 8690
3.73136, -1244418368, 17692
3.73112, -1243554368, 1756
2.01477, -1216962368, 43455
3.60345, -1189690368, 42474
3.60389, -1164978368, 40616
1.47001e-05, -1156794368, 12670
1.62716e-05, -1147666368, 14983
3.60396, -1123066368, 39875
3.73159, -1107578368, 19725
1.60485e-05, -1093906368, 19009
3.73127, -1080866368, 16662
2.01513, -1051474368, 49110
3.60332, -1030146368, 33807
1.11209e-05, -1017322368, 17947
9.64932e-06, -999170368, 27570
3.60423, -971282368, 44836
3.73119, -970402368, 1476
1.30827e-05, -957282368, 21916
1.13484e-05, -951090368, 9665
1.2614e-05, -942890368, 13145
3.73124, -929810368, 16427
1.14449e-05, -917818368, 16950
1.6388e-05, -912866368, 8343
3.60399, -890138368, 37904
1.12406e-05, -873050368, 24653
1.55993e-05, -854938368, 30373
1.38562e-05, -832914368, 33241
3.60372, -810562368, 36616
3.60446, -787922368, 36679
2.01536, -763114368, 40922
3.60356, -737266368, 41172
2.00504e-05, -724754368, 17999
3.60371, -701554368, 39136
3.60365, -676010368, 40918
2.01518, -632066368, 68731
1.67468e-05, -619930368, 16901
3.60373, -597258368, 37151
1.48385e-05, -589658368, 11720
1.71431e-05, -581538368, 13224
3.60358, -557146368, 38053
3.73171, -544378368, 16293
1.53046e-05, -535098368, 13469
1.09139e-05, -522682368, 17514
2.0147, -492050368, 49609
2.01554, -455882368, 55750
1.05775e-05, -445490368, 15027
1.57223e-05, -436554368, 14670
2.0584e-05, -429786368, 10369
1.23147e-05, -421858368, 12034
1.17249e-05, -408722368, 18162
1.20009e-05, -386906368, 33838
1.33556e-05, -378946368, 11979
3.6038, -354194368, 40445
3.73163, -342154368, 15004
3.73181, -328682368, 16859
1.41697e-05, -316298368, 17520
1.42444e-05, -304906368, 16735
2.0153, -270194368, 55606
3.60396, -242050368, 45349
2.0148, -207354368, 55405
3.7317, -191242368, 20322
1.35451e-05, -183522368, 11816
1.59258e-05, -174202368, 14411
2.01476, -145466368, 46276
2.07647e-05, -127490368, 24027
1.79459e-05, -119786368, 11559
1.21858e-05, -108938368, 16807
1.21622e-05, -99466368, 14352
1.44908e-05, -93034368, 10260
2.01472, -57786368, 56555
1.28173e-05, -50290368, 11634
1.24636e-05, -39018368, 16352
3.60345, -15106368, 38156
3.60349, 16061632, 48992
1.26984e-05, 27373632, 16062
3.73171, 41645632, 18337
3.6034, 65573632, 37764
3.73118, 66445632, 1658
1.4256e-05, 83341632, 24302
2.01481, 112365632, 47233
3.60391, 142957632, 47870
1.38523e-05, 149389632, 10313
1.02476e-05, 171237632, 35037
1.94662e-05, 183237632, 17242
1.40778e-05, 196365632, 20323
1.14792e-05, 206237632, 14952
1.26368e-05, 215373632, 13406
1.16737e-05, 222493632, 10948
1.37372e-05, 230277632, 11558
1.48466e-05, 237597632, 11782
1.65665e-05, 247749632, 15434
3.73152, 260341632, 15781
1.50391e-05, 267109632, 10369
2.01495, 297989632, 50804
1.192e-05, 308749632, 15742
1.44747e-05, 329581632, 32132
2.15724e-05, 346053632, 22332
1.72325e-05, 352525632, 10408
3.60356, 377533632, 39416
1.23074e-05, 388829632, 16824
2.01477, 425037632, 60342
3.73148, 440357632, 19177
1.41892e-05, 459173632, 28482
2.01473, 496581632, 62628
3.60349, 515565632, 31509
1.7633e-05, 521645632, 9732
1.80442e-05, 529157632, 11171
1.42245e-05, 541197632, 16923
3.60374, 560805632, 32326
3.60343, 580205632, 31915
1.69558e-05, 587989632, 11936
3.73141, 601805632, 17353
3.73104, 602661632, 1768
1.62575e-05, 626221632, 39087
3.60756, 644573632, 29976
2.01473, 679557632, 55772
3.60335, 698653632, 31362
1.83553e-05, 707509632, 13210
1.16347e-05, 716021632, 12738
1.40874e-05, 725293632, 13500
3.6036, 749909632, 38602
3.73119, 750797632, 1459
3.60361, 783677632, 51383
1.00464e-05, 798749632, 23552
3.6039, 815141632, 28791
3.60445, 839333632, 38157
3.73137, 852269632, 16767
1.8755e-05, 864629632, 17526
2.06516e-05, 872981632, 12332
1.11456e-05, 884997632, 19323
1.41705e-05, 892309632, 11340
3.60365, 914221632, 35564
1.79221e-05, 926213632, 17139
1.32749e-05, 938357632, 17445
3.60397, 964357632, 42159
3.60355, 988837632, 39951
3.73122, 1004069632, 19212
4.10267e-05, 1011885632, 11893
2.45164e-05, 1024661632, 17926
2.01491, 1060293632, 55535
1.28283e-05, 1069029632, 12916
1.39787e-05, 1084221632, 22252
1.27232e-05, 1093877632, 15256
2.01484, 1124109632, 48775
2.01475, 1152821632, 46856
3.60434, 1179173632, 42316
2.01482, 1209613632, 50291
3.60352, 1229837632, 33365
2.01463, 1266757632, 59117
1.36741e-05, 1277085632, 15150
1.45457e-05, 1288109632, 15916
3.73119, 1288989632, 1481
2.0149, 1325813632, 59102
1.36268e-05, 1334389632, 12647
1.48639e-05, 1343365632, 13293
1.33917e-05, 1353701632, 14950
1.80317e-05, 1376741632, 36983
2.01475, 1404341632, 44857
2.04528e-05, 1419685632, 21941
1.57869e-05, 1433589632, 19050
2.01507, 1471133632, 59640
3.73136, 1485365632, 18118
1.34895e-05, 1496709632, 17998
3.60439, 1523429632, 42466
1.45439e-05, 1533021632, 14423
3.73119, 1533901632, 1797
3.60357, 1555405632, 34450
1.48881e-05, 1565189632, 14628
1.23402e-05, 1579501632, 22763
1.5197e-05, 1591069632, 16140
1.09225e-05, 1597957632, 10800
1.16087e-05, 1609981632, 20104
3.60392, 1632037632, 36553
1.21878e-05, 1654485632, 35477
3.60336, 1674573632, 32242
1.08811e-05, 1683725632, 13783
1.54991e-05, 1691989632, 12813
1.74927e-05, 1704669632, 21350
1.36587e-05, 1712893632, 12264
3.73132, 1730661632, 22058
1.61995e-05, 1739053632, 12624
3.60367, 1762861632, 37708
3.60402, 1788717632, 41774
1.15076e-05, 1795885632, 11122
1.43028e-05, 1802685632, 10744
1.14689e-05, 1812941632, 14688
3.60362, 1840637632, 43758
1.272e-05, 1850909632, 14725
2.32339e-05, 1860693632, 15441
2.06534e-05, 1871957632, 18309
3.60393, 1899069632, 42753
3.73129, 1913637632, 18153
3.60333, 1941181632, 43217
1.16588e-05, 1952013632, 15660
1.78239e-05, 1968917632, 25432
1.43046e-05, 1986893632, 29388
3.73119, 1987773632, 1449
3.73119, 1988653632, 1768
2.01498, 2011685632, 38078
1.15143e-05, 2023005632, 16167
1.45426e-05, 2030477632, 11113
1.41967e-05, 2040453632, 16083
2.01552, 2066341632, 42768
1.58538e-05, 2077653632, 17723
3.60346, 2098397632, 34391
1.41871e-05, 2118261632, 26835
3.73124, 2132197632, 17548
2.015, -2135961664, 43558
1.61518e-05, -2120833664, 20562
1.02959e-05, -2108361664, 17730
2.01511, -2079361664, 47636
3.6036, -2056145664, 37037
3.73119, -2055257664, 1522
3.73221, -2042089664, 16586
3.73111, -2041209664, 1676
2.01471, -2010665664, 49666
2.01483, -1980409664, 46928
1.2896e-05, -1970481664, 14712
2.01465, -1937457664, 52196
3.73062, -1936601664, 1433
3.73128, -1917393664, 23857
1.16669e-05, -1909081664, 12486
3.60451, -1884433664, 39989
3.73269, -1871177664, 16603
1.50199e-05, -1858473664, 18036
1.7689e-05, -1844329664, 22797
2.01487, -1819929664, 41072
3.60502, -1793561664, 42897
3.60363, -1769569664, 39448
3.60499, -1742505664, 41096
2.79873e-05, -1735921664, 10336
3.73122, -1718577664, 21527
1.45139e-05, -1710041664, 12408
1.64661e-05, -1697937664, 17151
1.27699e-05, -1686361664, 16396
3.73124, -1675473664, 13586
2.01511, -1640577664, 56892
2.01473, -1576145664, 104762
3.73163, -1563345664, 16278
1.41975e-05, -1556057664, 11536
2.40082e-05, -1549145664, 10714
3.73135, -1530913664, 22704
1.82085e-05, -1515993664, 20392
3.60353, -1490457664, 40125
2.01514, -1455081664, 57033
1.51442e-05, -1445457664, 13843
1.50046e-05, -1433353664, 18511
2.01528, -1408441664, 41466
3.60459, -1386697664, 34750
2.26064e-05, -1373217664, 18395
1.23018e-05, -1362465664, 17434
3.73129, -1347697664, 18476
2.44901e-05, -1320209664, 43949
1.35837e-05, -1304561664, 21686
3.73275, -1292577664, 15058
3.60346, -1271833664, 33894
2.01547, -1240633664, 51111
1.80445e-05, -1223441664, 25950
1.13619e-05, -1209833664, 18662
3.60364, -1187801664, 35575
1.55702e-05, -1180425664, 11251
3.73146, -1165289664, 18866
3.73126, -1152745664, 15642
3.73119, -1151873664, 1788
3.7312, -1136601664, 19118
1.46448e-05, -1124649664, 16878
2.01581, -1104625664, 35096
2.01462, -1068809664, 56552
3.73133, -1054281664, 18365
3.73137, -1038641664, 19633
1.47117e-05, -1030121664, 12728
2.35464e-05, -1022857664, 11029
1.49909e-05, -1005897664, 24514
2.08309e-05, -998689664, 10881
1.42317e-05, -983769664, 21630
1.47933e-05, -970497664, 20491
3.73208, -958249664, 15251
3.60351, -932201664, 40328
2.01492, -898745664, 52174
2.01501, -869521664, 47923
1.39075e-05, -857681664, 16641
3.60382, -833513664, 37868
3.60377, -814609664, 30626
2.01475, -779257664, 56340
3.60366, -756393664, 37312
1.98985e-05, -744473664, 19388
1.07237e-05, -736281664, 12483
3.60333, -711721664, 39021
1.67146e-05, -699041664, 17640
3.73119, -698161664, 1443
1.392e-05, -681481664, 24464
1.23996e-05, -674321664, 10973
3.73131, -656729664, 21951
2.0153, -632273664, 40961
1.27265e-05, -625473664, 10514
2.01503, -592281664, 56412
3.7314, -578721664, 17004
2.01531, -548129664, 48984
1.61915e-05, -536865664, 15938
1.31874e-05, -509929664, 43556
2.01476, -482841664, 44861
3.73127, -468641664, 17745
1.52658e-05, -455641664, 17816
3.60468, -433113664, 36236
1.50063e-05, -410177664, 35719
2.01477, -381673664, 45953
1.27999e-05, -372481664, 14175
3.60348, -342897664, 46002
1.85489e-05, -333313664, 14320
3.60414, -306377664, 42138
3.7312, -294633664, 14710
1.12949e-05, -283937664, 15425
3.73138, -271289664, 15899
2.01475, -232985664, 60442
1.09601e-05, -218649664, 21818
1.43183e-05, -209849664, 13438
3.60336, -185985664, 38946
1.31163e-05, -177505664, 13242
1.15108e-05, -164441664, 21680
2.01553, -135889664, 44662
3.73182, -117297664, 23608
3.6046, -89697664, 44356
3.60338, -67313664, 35951
1.26832e-05, -59961664, 11950
1.50533e-05, -47913664, 19817
3.60128, -27033664, 34655
1.24476e-05, -18361664, 12926
3.6055, 3758336, 35008
2.01482, 21534336, 25459
3.73119, 22414336, 1706
1.07447e-05, 34702336, 18771
2.01504, 89774336, 92796
2.01473, 115510336, 43332
3.73119, 116382336, 1677
1.33671e-05, 127774336, 18018
3.60365, 147870336, 32868
3.73126, 161278336, 17044
1.33234e-05, 169662336, 12892
2.01484, 208662336, 61706
1.32873e-05, 216702336, 12382
2.01485, 249870336, 53380
2.01495, 283750336, 53718
1.64333e-05, 296150336, 18483
3.73148, 310926336, 18765
1.26411e-05, 318038336, 11311
1.14807e-05, 329598336, 16493
1.71812e-05, 340414336, 15402
2.0477e-05, 351830336, 16810
1.46603e-05, 364230336, 17665
1.5781e-05, 376630336, 17771
1.24499e-05, 385798336, 14166
1.34275e-05, 394094336, 13258
1.46093e-05, 401350336, 11173
1.31517e-05, 420846336, 30765
3.60518, 444598336, 38855
1.16539e-05, 451382336, 10793
2.46928e-05, 457486336, 9631
3.60337, 476366336, 31481
1.68852e-05, 485326336, 13249
2.01477, 510078336, 41267
3.60397, 534086336, 38625
1.18437e-05, 546254336, 17322
1.4809e-05, 554262336, 13583
3.7312, 567070336, 16228
2.01544, 593566336, 45377
1.55829e-05, 606942336, 18577
2.79252, 638926336, 52133
1.61372e-05, 658646336, 29849
1.45255e-05, 672062336, 20892
2.01504, 698630336, 44510
2.41797e-05, 710470336, 17091
3.60373, 732990336, 36727
2.01473, 764726336, 51896
3.60366, 790342336, 40818
1.26685e-05, 799526336, 14161
1.14616e-05, 816326336, 24373
1.24928e-05, 828446336, 19931
1.07026e-05, 837174336, 13296
2.01483, 895622336, 96013
3.60381, 915542336, 33204
1.28239e-05, 928158336, 18671
1.38883e-05, 935990336, 12251
1.56505e-05, 943550336, 11648
3.73162, 956518336, 16458
1.38937e-05, 973422336, 22978
2.01686e-05, 982150336, 13147
1.55389e-05, 993446336, 16099
2.015, 1027894336, 55379
2.01506, 1061094336, 53892
1.28627e-05, 1073142336, 19224
3.60457, 1099454336, 43618
1.22208e-05, 1108374336, 13265
3.73207, 1126126336, 22451
2.01478, 1163062336, 57951
3.73132, 1175198336, 15299
1.14908e-05, 1189854336, 20724
3.73144, 1203102336, 16794
2.01472, 1230870336, 45975
3.73142, 1247110336, 20249
3.73121, 1266358336, 23846
3.73136, 1283518336, 21490
3.60463, 1315302336, 48905
1.70939e-05, 1328470336, 18324
2.01519, 1350574336, 31088
3.73239, 1364494336, 17384
3.60369, 1390406336, 41896
3.73129, 1407734336, 21602
1.46532e-05, 1420566336, 18160
1.26944e-05, 1431254336, 15664
1.11459e-05, 1444630336, 22060
1.3015e-05, 1456622336, 19350
3.60353, 1475790336, 31786
3.60463, 1503542336, 42702
1.12792e-05, 1521814336, 26837
3.73148, 1533766336, 14904
2.8747e-05, 1558278336, 37216
3.60471, 1584950336, 40811
2.01477, 1613918336, 48682
1.99046e-05, 1627534336, 18300
1.69868e-05, 1637502336, 14392
2.01492, 1674342336, 59140
3.60345, 1695854336, 36105
3.73214, 1707814336, 15253
2.01497, 1742302336, 54275
1.45914e-05, 1749830336, 11527
3.60382, 1771574336, 36147
1.22914e-05, 1780886336, 15505
1.33359e-05, 1786886336, 9955
1.23172e-05, 1796246336, 13776
3.60441, 1818134336, 35493
2.01494, 1849550336, 50723
1.46806e-05, 1864702336, 20713
3.60391, 1894878336, 46864
3.7313, 1909806336, 18832
3.60345, 1932382336, 36208
3.60361, 1960694336, 44936
1.24119e-05, 1966142336, 9325
1.30354e-05, 1974798336, 13177
3.73123, 1991182336, 20594
9.9274e-06, 2004710336, 18695
3.60339, 2031382336, 41628
3.60378, 2051454336, 33379
1.31018e-05, 2063398336, 16756
2.01555, 2089446336, 43421
1.28394e-05, 2108446336, 29897
1.42952e-05, 2125550336, 23201
3.73122, 2141174336, 19622
1.26733e-05, -2145960960, 12358
3.60351, -2124952960, 34632
3.73118, -2124088960, 1447
2.01659, -2089664960, 57642
3.73172, -2077480960, 15308
1.29388e-05, -2070392960, 11209
2.88744e-05, -2055504960, 20892
2.11161e-05, -2049568960, 9346
1.51543e-05, -2044368960, 8643
2.01527, -2012680960, 50758
1.70294e-05, -2005496960, 10979
1.98385e-05, -1993296960, 16856
1.26466e-05, -1985608960, 11774
1.60464e-05, -1977208960, 12378
3.73122, -1960048960, 21443
2.79205, -1937384960, 37258
3.73138, -1922120960, 19096
3.6034, -1894568960, 42742
2.01473, -1857640960, 57822
1.50567e-05, -1847952960, 13958
3.60366, -1819240960, 43880
1.30439e-05, -1811272960, 12265
1.31741e-05, -1798208960, 18290
2.01525, -1761208960, 57765
2.01495, -1734584960, 43837
1.26111e-05, -1727016960, 11394
2.01473, -1683984960, 67244
3.60345, -1661224960, 36125
1.5357e-05, -1642304960, 29721
1.09815e-05, -1634640960, 11752
1.38018e-05, -1623984960, 15532
3.73152, -1612032960, 14919
1.42903e-05, -1605376960, 10314
1.1623e-05, -1594152960, 16258
3.60432, -1573448960, 34055
1.17609e-05, -1567920960, 9510
1.71144e-05, -1556824960, 17504
1.31402e-05, -1546568960, 14722
2.01559, -1513408960, 53541
2.01518, -1488904960, 40558
1.29793e-05, -1481456960, 11549
1.17664e-05, -1474528960, 10902
2.01488, -1439296960, 55625
1.409e-05, -1427824960, 16251
1.85423e-05, -1417480960, 14707
3.60406, -1385824960, 49091
3.73121, -1367680960, 22556
1.0597e-05, -1356160960, 16189
1.25342e-05, -1346816960, 13344
2.01413, -1313696960, 53706
3.6036, -1290792960, 37078
3.73129, -1274616960, 20331
3.73206, -1256792960, 22530
2.01483, -1224984960, 51827
1.41907e-05, -1204760960, 34526
1.97934e-05, -1196656960, 12833
1.12138e-05, -1169016960, 43770
1.23761e-05, -1160520960, 12645
3.73119, -1159640960, 1684
2.01513, -1129448960, 49691
1.36758e-05, -1121440960, 11963
1.47125e-05, -1113280960, 12789
1.1684e-05, -1103656960, 14478
1.42788e-05, -1096752960, 10457
1.46841e-05, -1083944960, 18034
3.60484, -1058112960, 40649
3.73157, -1042696960, 19413
3.6036, -1023864960, 30834
1.18077e-05, -1009720960, 22499
1.18985e-05, -998680960, 15529
1.45212e-05, -988688960, 14484
2.31124e-05, -981928960, 10357
1.42097e-05, -974896960, 11135
1.24979e-05, -965000960, 15701
3.73151, -950464960, 18452
1.01968e-05, -934376960, 25104
1.44587e-05, -926672960, 11670
1.50453e-05, -910592960, 25895
2.01488, -884392960, 43725
3.73173, -872856960, 14435
1.32978e-05, -852264960, 27369
3.73126, -837552960, 18364
3.7313, -824488960, 16336
2.01492, -790616960, 51941
2.27769e-05, -777912960, 17672
3.60495, -755152960, 36175
3.73143, -736920960, 22801
2.32781e-05, -726872960, 16303
3.60402, -704144960, 37546
3.73128, -690904960, 17911
1.2075e-05, -684752960, 13930
1.25597e-05, -666072960, 36482
2.10906e-05, -656480960, 19830
3.73197, -640464960, 30164
1.66438e-05, -630088960, 21363
1.43233e-05, -621344960, 18523
3.6037, -597096960, 43739
1.30104e-05, -586416960, 15211
2.17116e-05, -579056960, 11405
3.60333, -554344960, 39348
1.26977e-05, -548120960, 9787
3.73136, -532408960, 19574
3.73188, -519664960, 15926
1.38111e-05, -510928960, 14208
2.10783e-05, -500248960, 15110
1.57428e-05, -493936960, 9744
3.73156, -479800960, 17761
3.73119, -478936960, 1643
1.39134e-05, -466936960, 19485
1.20023e-05, -458000960, 13268
1.18391e-05, -452064960, 9690
2.01479, -421872960, 47930
2.7456e-05, -412912960, 13239
1.93932e-05, -394160960, 25152
1.09516e-05, -386096960, 12080
1.17117e-05, -376200960, 14161
1.39694e-05, -369240960, 10920
1.14887e-05, -357872960, 16507
2.01518, -333792960, 40128
1.02731e-05, -318472960, 21781
3.6035, -298848960, 36117
2.01531, -258264960, 64833
1.1212e-05, -249776960, 12587
2.0138, -207072960, 66140
1.26309e-05, -191184960, 23512
2.01537, -158936960, 51471
2.01519, -132544960, 43418
3.73131, -114224960, 22975
3.60392, -86192960, 44150
3.73119, -85296960, 1480
1.23728e-05, -77488960, 12440
1.33966e-05, -69584960, 11880
1.29155e-05, -54480960, 20374
3.7313, -41520960, 16124
3.60359, -17592960, 38094
1.45664e-05, -7280960, 14630
3.7312, 10055040, 29270
1.19819e-05, 22375040, 26452
1.40819e-05, 34735040, 17940
1.37632e-05, 43775040, 13187
3.73137, 56743040, 16140
1.32145e-05, 69239040, 18946
1.54359e-05, 79735040, 15592
1.25473e-05, 94215040, 22916
3.73192, 109463040, 19049
1.59589e-05, 116551040, 10840
3.73134, 129815040, 16531
1.243e-05, 136615040, 10355
3.73119, 137487040, 1434
1.88432e-05, 144871040, 11099
1.08757e-05, 159807040, 20245
1.26245e-05, 174127040, 21777
1.20785e-05, 182303040, 12075
3.73184, 195535040, 16579
1.12774e-05, 205647040, 14582
2.01539, 230999040, 41814
1.4232e-05, 242639040, 16829
3.60383, 271855040, 45125
1.48623e-05, 282039040, 15428
1.90526e-05, 291063040, 13396
2.62712e-05, 302055040, 15788
1.68158e-05, 309327040, 11704
3.731, 310199040, 2188
1.19038e-05, 322983040, 21093
1.48866e-05, 328471040, 8899
3.73152, 341479040, 16109
1.48463e-05, 348823040, 11417
1.12293e-05, 362655040, 19407
1.16584e-05, 368287040, 8963
3.73119, 369167040, 1778
2.3396e-05, 382743040, 18489
1.13274e-05, 397279040, 19899
2.01482, 424119040, 37354
3.60373, 446543040, 35539
2.01493, 473719040, 44754
3.60338, 500095040, 40688
1.37217e-05, 506015040, 9423
3.73177, 518423040, 15505
3.73135, 531807040, 16734
3.60333, 557863040, 41466
3.60374, 583359040, 39835
3.60444, 612447040, 45144
3.73136, 626135040, 17069
1.07026e-05, 640135040, 19366
3.73125, 652231040, 15142
1.17467e-05, 666191040, 19088
3.6035, 688207040, 35987
1.98874e-05, 696631040, 12492
0.151464, 727183040, 49060
1.77869e-05, 746047040, 25161
3.60361, 774471040, 43657
3.73133, 787655040, 16565
3.60366, 810167040, 36769
0.000187526, 831599040, 28337
3.60347, 852391040, 34400
1.50615e-05, 863079040, 15452
1.31484e-05, 887647040, 38066
1.67054e-05, 894047040, 9906
1.10377e-05, 913591040, 30913
3.73158, 931207040, 22132
3.73119, 932087040, 1461
1.30663e-05, 950959040, 31348
1.91557e-05, 956863040, 9494
3.60343, 976839040, 32622
2.01463, 1016751040, 62609
3.73187, 1030863040, 17707
3.60352, 1052567040, 34653
3.60386, 1077471040, 41630
3.73091, 1078343040, 1456
1.19255e-05, 1093911040, 21656
3.60407, 1118383040, 39641
2.01523, 1143495040, 41935
1.29014e-05, 1160703040, 24371
3.73152, 1173263040, 15968
3.73167, 1191807040, 23551
1.15458e-05, 1209759040, 24225
2.01415, 1250191040, 63768
1.3659e-05, 1262927040, 17915
3.73202, 1276831040, 17369
1.14579e-05, 1291007040, 19478
1.84982e-05, 1298567040, 11291
1.37109e-05, 1305767040, 10831
2.0153, 1336927040, 50308
1.28981e-05, 1357911040, 32743
2.0148, 1398071040, 65406
3.73124, 1416135040, 22522
2.01475, 1446815040, 49458
3.7313, 1464543040, 22121
1.06529e-05, 1477367040, 18099
3.60375, 1498071040, 34538
1.38361e-05, 1510199040, 17201
3.73149, 1524783040, 18201
3.60385, 1546935040, 36223
2.01466, 1585999040, 62093
3.60388, 1613511040, 42965
3.60333, 1636215040, 35636
3.60378, 1656831040, 33870
1.30683e-05, 1667031040, 16185
3.60347, 1688943040, 35433
3.73138, 1703807040, 18645
2.01464, 1741519040, 59939
1.08495e-05, 1768391040, 44735
3.73122, 1782383040, 18015
